date,y_hat,y_lower,y_upper,lgb_prediction
2024-02-19,31.978639132543695,31.24192924696845,33.79771950361159,31.978639132543695
2024-02-20,31.978639132543695,31.24192924696845,33.79771950361159,31.978639132543695
2024-02-21,31.978639132543695,31.24192924696845,33.79771950361159,31.978639132543695
2024-02-22,31.978639132543695,31.24192924696845,33.79771950361159,31.978639132543695
2024-02-23,31.978639132543695,31.24192924696845,33.79771950361159,31.978639132543695
2024-02-24,32.05243407451154,31.328510210490663,33.74714365733399,32.05243407451154
2024-02-25,32.05243407451154,31.328510210490663,33.74714365733399,32.05243407451154
2024-02-26,31.978639132543695,31.24192924696845,33.79771950361159,31.978639132543695
2024-02-27,31.978639132543695,31.24192924696845,33.79771950361159,31.978639132543695
2024-02-28,31.978639132543695,31.24192924696845,33.79771950361159,31.978639132543695
2024-02-29,31.978639132543695,31.24192924696845,33.79771950361159,31.978639132543695
2024-03-01,32.101375597466976,31.364665711891732,33.92045596853488,32.101375597466976
2024-03-02,32.05309473825445,31.32917087423356,33.74780432107689,32.05309473825445
2024-03-03,32.05309473825445,31.32917087423356,33.74780432107689,32.05309473825445
2024-03-04,31.979299796286586,31.24258991071135,33.79838016735449,31.979299796286586
2024-03-05,31.979299796286586,31.24258991071135,33.79838016735449,31.979299796286586
2024-03-06,31.979299796286586,31.24258991071135,33.79838016735449,31.979299796286586
2024-03-07,31.979299796286586,31.24258991071135,33.79838016735449,31.979299796286586
2024-03-08,31.979299796286586,31.24258991071135,33.79838016735449,31.979299796286586
2024-03-09,32.05309473825445,31.32917087423356,33.74780432107689,32.05309473825445
2024-03-10,32.05309473825445,31.32917087423356,33.74780432107689,32.05309473825445
2024-03-11,31.979299796286586,31.24258991071135,33.79838016735449,31.979299796286586
2024-03-12,31.979299796286586,31.24258991071135,33.79838016735449,31.979299796286586
2024-03-13,31.979299796286586,31.24258991071135,33.79838016735449,31.979299796286586
2024-03-14,31.979299796286586,31.24258991071135,33.79838016735449,31.979299796286586
2024-03-15,31.979299796286586,31.24258991071135,33.79838016735449,31.979299796286586
2024-03-16,32.05309473825445,31.32917087423356,33.74780432107689,32.05309473825445
2024-03-17,32.05309473825445,31.32917087423356,33.74780432107689,32.05309473825445
2024-03-18,31.979299796286586,31.24258991071135,33.79838016735449,31.979299796286586
2024-03-19,31.979299796286586,31.24258991071135,33.79838016735449,31.979299796286586
2024-03-20,31.979299796286586,31.24258991071135,33.79838016735449,31.979299796286586
2024-03-21,31.979299796286586,31.24258991071135,33.79838016735449,31.979299796286586
2024-03-22,31.979299796286586,31.24258991071135,33.79838016735449,31.979299796286586
2024-03-23,32.05309473825445,31.32917087423356,33.74780432107689,32.05309473825445
2024-03-24,32.05309473825445,31.32917087423356,33.74780432107689,32.05309473825445
2024-03-25,31.979299796286586,31.24258991071135,33.79838016735449,31.979299796286586
2024-03-26,31.979299796286586,31.24258991071135,33.79838016735449,31.979299796286586
2024-03-27,31.979299796286586,31.24258991071135,33.79838016735449,31.979299796286586
2024-03-28,31.979299796286586,31.24258991071135,33.79838016735449,31.979299796286586
2024-03-29,31.979299796286586,31.24258991071135,33.79838016735449,31.979299796286586
2024-03-30,32.05309473825445,31.32917087423356,33.74780432107689,32.05309473825445
2024-03-31,32.05309473825445,31.32917087423356,33.74780432107689,32.05309473825445
2024-04-01,32.134234056844555,31.39567177392762,33.95426869320973,32.134234056844555
2024-04-02,32.012158255664204,31.27359597274722,33.83219289202933,32.012158255664204
2024-04-03,32.012158255664204,31.27359597274722,33.83219289202933,32.012158255664204
2024-04-04,32.012158255664204,31.27359597274722,33.83219289202933,32.012158255664204
2024-04-05,32.012158255664204,31.27359597274722,33.83219289202933,32.012158255664204
2024-04-06,32.08595319763209,31.36017693626943,33.78161704575174,32.08595319763209
2024-04-07,32.08595319763209,31.36017693626943,33.78161704575174,32.08595319763209
2024-04-08,32.012158255664204,31.27359597274722,33.83219289202933,32.012158255664204
2024-04-09,32.012158255664204,31.27359597274722,33.83219289202933,32.012158255664204
2024-04-10,32.012158255664204,31.27359597274722,33.83219289202933,32.012158255664204
2024-04-11,32.012158255664204,31.27359597274722,33.83219289202933,32.012158255664204
2024-04-12,32.012158255664204,31.27359597274722,33.83219289202933,32.012158255664204
2024-04-13,32.08595319763209,31.36017693626943,33.78161704575174,32.08595319763209
2024-04-14,32.08595319763209,31.36017693626943,33.78161704575174,32.08595319763209
2024-04-15,32.012158255664204,31.27359597274722,33.83219289202933,32.012158255664204
2024-04-16,32.012158255664204,31.27359597274722,33.83219289202933,32.012158255664204
2024-04-17,32.012158255664204,31.27359597274722,33.83219289202933,32.012158255664204
2024-04-18,32.012158255664204,31.27359597274722,33.83219289202933,32.012158255664204
2024-04-19,32.012158255664204,31.27359597274722,33.83219289202933,32.012158255664204
2024-04-20,32.08595319763209,31.36017693626943,33.78161704575174,32.08595319763209
2024-04-21,32.08595319763209,31.36017693626943,33.78161704575174,32.08595319763209
2024-04-22,32.012158255664204,31.27359597274722,33.83219289202933,32.012158255664204
2024-04-23,32.012158255664204,31.27359597274722,33.83219289202933,32.012158255664204
2024-04-24,32.012158255664204,31.27359597274722,33.83219289202933,32.012158255664204
2024-04-25,32.012158255664204,31.27359597274722,33.83219289202933,32.012158255664204
2024-04-26,32.012158255664204,31.27359597274722,33.83219289202933,32.012158255664204
2024-04-27,32.08595319763209,31.36017693626943,33.78161704575174,32.08595319763209
2024-04-28,32.08595319763209,31.36017693626943,33.78161704575174,32.08595319763209
2024-04-29,32.012158255664204,31.27359597274722,33.83219289202933,32.012158255664204
2024-04-30,32.012158255664204,31.27359597274722,33.83219289202933,32.012158255664204
2024-05-01,32.134234056844555,31.39567177392762,33.95426869320973,32.134234056844555
2024-05-02,32.012158255664204,31.27359597274722,33.83219289202933,32.012158255664204
2024-05-03,32.012158255664204,31.27359597274722,33.83219289202933,32.012158255664204
2024-05-04,32.08595319763209,31.36017693626943,33.78161704575174,32.08595319763209
2024-05-05,32.08595319763209,31.36017693626943,33.78161704575174,32.08595319763209
2024-05-06,32.012158255664204,31.27359597274722,33.83219289202933,32.012158255664204
2024-05-07,32.012158255664204,31.27359597274722,33.83219289202933,32.012158255664204
2024-05-08,32.012158255664204,31.27359597274722,33.83219289202933,32.012158255664204
2024-05-09,32.012158255664204,31.27359597274722,33.83219289202933,32.012158255664204
2024-05-10,32.012158255664204,31.27359597274722,33.83219289202933,32.012158255664204
2024-05-11,32.08595319763209,31.36017693626943,33.78161704575174,32.08595319763209
2024-05-12,32.08595319763209,31.36017693626943,33.78161704575174,32.08595319763209
2024-05-13,32.012158255664204,31.27359597274722,33.83219289202933,32.012158255664204
2024-05-14,32.012158255664204,31.27359597274722,33.83219289202933,32.012158255664204
2024-05-15,32.012158255664204,31.27359597274722,33.83219289202933,32.012158255664204
2024-05-16,32.012158255664204,31.27359597274722,33.83219289202933,32.012158255664204
2024-05-17,32.012158255664204,31.27359597274722,33.83219289202933,32.012158255664204
2024-05-18,32.08595319763209,31.36017693626943,33.78161704575174,32.08595319763209
