tree
version=v4
num_class=1
num_tree_per_iteration=1
label_index=0
max_feature_idx=29
objective=regression
feature_names=material region unit_price lead_time_days late_delivery_risk shipping_mode day_of_week month is_weekend day_of_month quarter week_of_year month_sin month_cos week_sin week_cos day_of_week_sin day_of_week_cos quantity_lag_1 quantity_lag_3 quantity_lag_5 quantity_lag_7 quantity_lag_14 quantity_lag_30 price_lag_7 quantity_rolling_mean_7 quantity_rolling_mean_14 quantity_rolling_mean_30 quantity_used_diff unit_price_diff
feature_infos=none [1:22] none [0:6] [0:1] [0:3] [0:6] [1:12] [0:1] [1:31] [1:4] [1:53] [-1:1] [-1:1] [-1:1] [-1:1] [-0.97492790222167969:0.97492790222167969] [-0.90096884965896606:1] [0:13] [0:13] [0:13] [0:13] [0:13] [0:13] none [2:6.2857141494750977] [2:5] [2:4.0999999046325684] [-10:11] none
tree_sizes=541 566 568 654 568 652 569 653 653 651 653 653 652 576 655 577 577 656 577 577 574 573 575 574 574 573 575 571 575 576 658 656 656 660 657 572 655 665 654 662 660 662 662 660 572 580 657 657 660 657 660 576 654 578 576 661 656 657 655 581 665 660 658 666 662 574 577 660 582 582 662 745 663 659 662 663 663 579 579 658 578 664 664 659 659 660 662 657 745 576 665 662 665 661 656 655 664 664 661 662 663 665 666 666 580 580 666 669 673 668 579 665 663 663 747 656 665 664 662 667 583 661 582 581 659 665 665 662 666 663 661 656 660 576 664 666 753 668 666 664 662 663 751 661 663 581 657 577 660

Tree=0
num_leaves=5
num_cat=0
split_feature=28 28 28 18
split_gain=213.433 36.6107 17.2772 42.1607
threshold=1.5000000000000002 2.5000000000000004 -1.4999999999999998 2.5000000000000004
decision_type=2 2 2 2
left_child=2 -2 -1 -4
right_child=1 -3 3 -5
leaf_value=3.3750000012613701 3.4900000006901588 3.5845238071485865 3.3666666683005659 3.4513157894344704
leaf_weight=36 20 21 24 38
leaf_count=36 20 21 24 38
internal_value=3.44263 3.53841 3.40255 3.41855
internal_weight=139 41 98 62
internal_count=139 41 98 62
is_linear=0
shrinkage=1


Tree=1
num_leaves=5
num_cat=0
split_feature=28 28 28 18
split_gain=192.623 33.0411 15.5926 38.0501
threshold=1.5000000000000002 2.5000000000000004 -1.4999999999999998 2.5000000000000004
decision_type=2 2 2 2
left_child=2 -2 -1 -4
right_child=1 -3 3 -5
leaf_value=-0.068750000000000006 0.040499999523162848 0.13029761910438539 -0.076666665077209484 0.0037500008548560894
leaf_weight=36 20 21 24 38
leaf_count=36 20 21 24 38
internal_value=-0.0045054 0.0864939 -0.0425765 -0.027379
internal_weight=139 41 98 62
internal_count=139 41 98 62
is_linear=0
shrinkage=0.05


Tree=2
num_leaves=5
num_cat=0
split_feature=28 28 28 18
split_gain=173.842 29.8196 14.0724 34.3402
threshold=1.5000000000000002 2.5000000000000004 -1.4999999999999998 2.5000000000000004
decision_type=2 2 2 2
left_child=2 -2 -1 -4
right_child=1 -3 3 -5
leaf_value=-0.065312501581178781 0.038474999517202381 0.12378273875940414 -0.072833331674337393 0.0035624996611946509
leaf_weight=36 20 21 24 38
leaf_count=36 20 21 24 38
internal_value=-0.00428013 0.0821692 -0.0404477 -0.0260101
internal_weight=139 41 98 62
internal_count=139 41 98 62
is_linear=0
shrinkage=0.05


Tree=3
num_leaves=6
num_cat=0
split_feature=28 28 26 28 18
split_gain=156.893 26.9122 12.9143 11.5231 14.2339
threshold=1.5000000000000002 2.5000000000000004 3.0357142686843877 -1.0000000180025095e-35 4.5000000000000009
decision_type=2 2 2 2 2
left_child=2 -2 -1 4 -4
right_child=1 -3 3 -5 -6
leaf_value=-0.06642268739383797 0.036551251038908959 0.11759360297804787 -0.071822101729256779 0.00044904801249504093 -0.014886319572510926
leaf_weight=29 20 21 21 25 23
leaf_count=29 20 21 21 25 23
internal_value=-0.00406612 0.0780607 -0.0384253 -0.0266583 -0.0420602
internal_weight=139 41 98 69 44
internal_count=139 41 98 69 44
is_linear=0
shrinkage=0.05


Tree=4
num_leaves=5
num_cat=0
split_feature=28 28 28 18
split_gain=141.596 24.2883 12.4403 30.1622
threshold=1.5000000000000002 2.5000000000000004 -1.4999999999999998 2.5000000000000004
decision_type=2 2 2 2
left_child=2 -2 -1 -4
right_child=1 -3 3 -5
leaf_value=-0.059882576639453566 0.034723688289523123 0.11171392216568901 -0.066811998126407465 0.0047858838580156632
leaf_weight=36 20 21 24 38
leaf_count=36 20 21 24 38
internal_value=-0.00386281 0.0741577 -0.0365041 -0.0229294
internal_weight=139 41 98 62
internal_count=139 41 98 62
is_linear=0
shrinkage=0.05


Tree=5
num_leaves=6
num_cat=0
split_feature=28 28 18 6 25
split_gain=107.606 22.8601 19.6371 11.324 9.97934
threshold=1.5000000000000002 -1.0000000180025095e-35 4.5000000000000009 2.5000000000000004 3.0714285373687749
decision_type=2 2 2 2 2
left_child=1 2 -1 -2 -3
right_child=3 4 -4 -5 -6
leaf_value=-0.07266764622181654 0.094434268753975634 -0.022364502264694733 -0.014767708298232821 0.044390868696455775 0.025259361145171251
leaf_weight=32 20 22 27 26 22
leaf_count=32 20 22 27 26 22
internal_value=0.00256673 -0.0258292 -0.0461711 0.0661489 0.00144743
internal_weight=149 103 59 46 44
internal_count=149 103 59 46 44
is_linear=0
shrinkage=0.05


Tree=6
num_leaves=5
num_cat=0
split_feature=26 25 19 6
split_gain=40.5682 13.384 8.35646 7.42933
threshold=3.7500000000000004 3.2142857313156132 2.5000000000000004 2.5000000000000004
decision_type=2 2 2 2
left_child=1 2 -1 -3
right_child=-2 3 -4 -5
leaf_value=-0.0060528145730495454 0.054400024314721435 -0.011476005661872126 -0.044376580665508911 0.023427432576815288
leaf_weight=25 30 31 33 30
leaf_count=25 30 31 33 30
internal_value=0.00243839 -0.0106612 -0.0278577 0.00568962
internal_weight=149 119 58 61
internal_count=149 119 58 61
is_linear=0
shrinkage=0.05


Tree=7
num_leaves=6
num_cat=0
split_feature=28 28 18 6 21
split_gain=96.0678 20.7072 16.9796 9.9861 8.03258
threshold=1.5000000000000002 -1.0000000180025095e-35 4.5000000000000009 2.5000000000000004 3.5000000000000004
decision_type=2 2 2 2 2
left_child=1 2 -1 -2 -3
right_child=3 4 -4 -5 -6
leaf_value=-0.068512690160423523 0.088955088146030911 0.023804154885666715 -0.014672961748308606 0.041960783288455927 -0.018966934279255249
leaf_weight=32 20 21 27 26 23
leaf_count=32 20 21 27 26 23
internal_value=0.00231647 -0.0245139 -0.0438742 0.0623931 0.00144654
internal_weight=149 103 59 46 44
internal_count=149 103 59 46 44
is_linear=0
shrinkage=0.05


Tree=8
num_leaves=6
num_cat=0
split_feature=28 28 18 28 25
split_gain=86.7012 18.6882 15.3241 9.583 8.38915
threshold=1.5000000000000002 -1.0000000180025095e-35 4.5000000000000009 2.5000000000000004 3.0714285373687749
decision_type=2 2 2 2 2
left_child=1 2 -1 -2 -3
right_child=3 4 -4 -5 -6
leaf_value=-0.065087055647745737 0.034373266498247783 -0.020458250518210912 -0.013939313542235782 0.080189577534794818 0.023206678236072715
leaf_weight=32 21 22 27 25 22
leaf_count=32 21 22 27 25 22
internal_value=0.00220065 -0.0232882 -0.0416805 0.0592734 0.00137421
internal_weight=149 103 59 46 44
internal_count=149 103 59 46 44
is_linear=0
shrinkage=0.05


Tree=9
num_leaves=6
num_cat=0
split_feature=28 28 18 25 25
split_gain=78.2478 16.8661 13.83 9.38563 7.57121
threshold=1.5000000000000002 -1.0000000180025095e-35 4.5000000000000009 3.5000000000000004 3.0714285373687749
decision_type=2 2 2 2 2
left_child=1 2 -1 -2 -3
right_child=3 4 -4 -5 -6
leaf_value=-0.061832702788524332 0.03372462459880373 -0.019435337554155427 -0.013242347145246136 0.078894902571387926 0.022046344591812653
leaf_weight=32 23 22 27 23 22
leaf_count=32 23 22 27 23 22
internal_value=0.00209061 -0.0221238 -0.0395964 0.0563098 0.0013055
internal_weight=149 103 59 46 44
internal_count=149 103 59 46 44
is_linear=0
shrinkage=0.05


Tree=10
num_leaves=6
num_cat=0
split_feature=28 18 28 28 27
split_gain=103.077 22.0206 26.5934 17.9267 2.90582
threshold=1.5000000000000002 3.5000000000000004 -1.4999999999999998 2.5000000000000004 3.3499999046325688
decision_type=2 2 2 2 2
left_child=1 4 -3 -2 -1
right_child=3 2 -4 -5 -6
leaf_value=-0.057359524939674889 0.038831653410480144 -0.028471020234024359 0.037172829221796107 0.10341696610504932 -0.032130327599034426
leaf_weight=25 21 36 27 22 21
leaf_count=25 21 36 27 22 21
internal_value=0.00631989 -0.0195414 -0.000337942 0.0718753 -0.0458418
internal_weight=152 109 63 43 46
internal_count=152 109 63 43 46
is_linear=0
shrinkage=0.05


Tree=11
num_leaves=6
num_cat=0
split_feature=28 18 28 28 27
split_gain=93.0272 19.8736 24.0005 16.1789 2.6225
threshold=1.5000000000000002 3.5000000000000004 -1.4999999999999998 2.5000000000000004 3.3499999046325688
decision_type=2 2 2 2 2
left_child=1 4 -3 -2 -1
right_child=3 2 -4 -5 -6
leaf_value=-0.054491548880934715 0.036890070991856712 -0.027047469002556886 0.035314187738630508 0.098246119916439056 -0.030523811015743942
leaf_weight=25 21 36 27 22 21
leaf_count=25 21 36 27 22 21
internal_value=0.00600389 -0.0185644 -0.000321045 0.0682815 -0.0435498
internal_weight=152 109 63 43 46
internal_count=152 109 63 43 46
is_linear=0
shrinkage=0.05


Tree=12
num_leaves=6
num_cat=0
split_feature=28 18 28 28 11
split_gain=83.957 17.9359 21.6605 14.6014 2.48968
threshold=1.5000000000000002 3.5000000000000004 -1.4999999999999998 2.5000000000000004 26.500000000000004
decision_type=2 2 2 2 2
left_child=1 4 -3 -2 -1
right_child=3 2 -4 -5 -6
leaf_value=-0.054064069298051659 0.035045566677581519 -0.025695095154353316 0.033548478340661089 0.093333813344890437 -0.030711153946816921
leaf_weight=21 21 36 27 22 25
leaf_count=21 21 36 27 22 25
internal_value=0.0057037 -0.0176361 -0.000304992 0.0648675 -0.0413723
internal_weight=152 109 63 43 46
internal_count=152 109 63 43 46
is_linear=0
shrinkage=0.05


Tree=13
num_leaves=5
num_cat=0
split_feature=28 18 18 28
split_gain=76.7137 51.1226 22.5397 5.8709
threshold=1.0000000180025095e-35 2.5000000000000004 4.5000000000000009 -1.0000000180025095e-35
decision_type=2 2 2 2
left_child=2 -2 3 -1
right_child=1 -3 -4 -5
leaf_value=-0.05684368873480708 0.0062310935783898465 0.098743061880980226 0.0083157329101647658 -0.024505578070878983
leaf_weight=32 32 28 35 25
leaf_count=32 32 28 35 25
internal_value=0.00541851 0.0494033 -0.0232672 -0.0426603
internal_weight=152 60 92 57
internal_count=152 60 92 57
is_linear=0
shrinkage=0.05


Tree=14
num_leaves=6
num_cat=0
split_feature=26 25 20 19 23
split_gain=52.5199 10.3158 8.59048 6.13579 2.77995
threshold=3.7500000000000004 3.2142857313156132 2.5000000000000004 2.5000000000000004 3.5000000000000004
decision_type=2 2 2 2 2
left_child=1 3 -3 -1 -4
right_child=-2 2 4 -5 -6
leaf_value=-0.010698703868547455 0.063213596781415332 0.031219535442069176 0.0031714420765638351 -0.043758317202329637 -0.022068861559964719
leaf_weight=32 31 20 24 25 20
leaf_count=32 31 20 24 25 20
internal_value=0.00514759 -0.00972883 0.00404888 -0.0251985 -0.00830142
internal_weight=152 121 64 57 44
internal_count=152 121 64 57 44
is_linear=0
shrinkage=0.05


Tree=15
num_leaves=5
num_cat=0
split_feature=28 18 28 18
split_gain=95.3771 13.7526 13.3957 11.6714
threshold=1.5000000000000002 4.5000000000000009 -1.0000000180025095e-35 2.5000000000000004
decision_type=2 2 2 2
left_child=1 2 -1 -4
right_child=-2 -3 3 -5
leaf_value=-0.055384581793959324 0.067499404290738779 0.0035539428539135883 -0.040485931870838009 0.012884334996342658
leaf_weight=39 39 34 21 20
leaf_count=39 39 34 21 20
internal_value=5.19127e-06 -0.0230849 -0.0344065 -0.0144517
internal_weight=153 114 80 41
internal_count=153 114 80 41
is_linear=0
shrinkage=0.05


Tree=16
num_leaves=5
num_cat=0
split_feature=28 18 28 18
split_gain=86.0779 12.4117 12.0896 10.5335
threshold=1.5000000000000002 4.5000000000000009 -1.0000000180025095e-35 2.5000000000000004
decision_type=2 2 2 2
left_child=1 2 -1 -4
right_child=-2 -3 3 -5
leaf_value=-0.052615352975538911 0.064124432621667019 0.0033762453808723128 -0.038461635217425377 0.012240117937326432
leaf_weight=39 39 34 21 20
leaf_count=39 39 34 21 20
internal_value=4.93117e-06 -0.0219307 -0.0326861 -0.0137291
internal_weight=153 114 80 41
internal_count=153 114 80 41
is_linear=0
shrinkage=0.05


Tree=17
num_leaves=6
num_cat=0
split_feature=28 28 25 26 14
split_gain=79.657 19.851 16.3601 4.66013 2.07823
threshold=2.5000000000000004 -1.0000000180025095e-35 3.3571429252624516 3.5357142686843877 0.29696027934551245
decision_type=2 2 2 2 2
left_child=1 3 -3 4 -1
right_child=-2 2 -4 -5 -6
leaf_value=-0.053944208637057317 0.093039832301437864 -0.016939505000731776 0.033843653315100176 -0.015878726527667964 -0.03195399067110636
leaf_weight=21 20 35 29 26 22
leaf_count=21 20 35 29 26 22
internal_value=4.6853e-06 -0.0139856 0.00607161 -0.0325893 -0.0426934
internal_weight=153 133 64 69 43
internal_count=153 133 64 69 43
is_linear=0
shrinkage=0.05


Tree=18
num_leaves=5
num_cat=0
split_feature=28 28 18 18
split_gain=71.8904 17.9155 34.2694 10.6877
threshold=2.5000000000000004 -1.0000000180025095e-35 2.5000000000000004 4.5000000000000009
decision_type=2 2 2 2
left_child=1 3 -3 -1
right_child=-2 2 -4 -5
leaf_value=-0.048218892064566421 0.088387840110808621 -0.034426635881918001 0.03907218647854669 -0.0085231047278891015
leaf_weight=39 20 29 35 30
leaf_count=39 20 29 35 30
internal_value=4.45069e-06 -0.0132863 0.00576803 -0.0309599
internal_weight=153 133 64 69
internal_count=153 133 64 69
is_linear=0
shrinkage=0.05


Tree=19
num_leaves=5
num_cat=0
split_feature=28 28 18 18
split_gain=64.8811 16.1688 30.9282 9.64568
threshold=2.5000000000000004 -1.0000000180025095e-35 2.5000000000000004 4.5000000000000009
decision_type=2 2 2 2
left_child=1 3 -3 -1
right_child=-2 2 -4 -5
leaf_value=-0.045807947127076871 0.083968449041713036 -0.032705304405555642 0.037118576999221532 -0.0080969498156143044
leaf_weight=39 20 29 35 30
leaf_count=39 20 29 35 30
internal_value=4.22821e-06 -0.012622 0.00547963 -0.0294119
internal_weight=153 133 64 69
internal_count=153 133 64 69
is_linear=0
shrinkage=0.05


Tree=20
num_leaves=5
num_cat=0
split_feature=28 18 18 28
split_gain=39.0021 63.8099 15.7067 9.40759
threshold=1.0000000180025095e-35 1.5000000000000002 3.5000000000000004 -2.4999999999999996
decision_type=2 2 2 2
left_child=2 -2 -1 -4
right_child=1 -3 3 -5
leaf_value=-0.050647102594375618 -0.040107814390212299 0.0707421802437386 -0.031571451951326296 0.010154021309821733
leaf_weight=30 20 37 22 35
leaf_count=30 20 37 22 35
internal_value=-0.000300624 0.0318474 -0.0213632 -0.00595055
internal_weight=144 57 87 57
internal_count=144 57 87 57
is_linear=0
shrinkage=0.05


Tree=21
num_leaves=5
num_cat=0
split_feature=28 18 18 18
split_gain=35.1994 57.5885 14.627 4.41216
threshold=1.0000000180025095e-35 1.5000000000000002 4.5000000000000009 3.5000000000000004
decision_type=2 2 2 2
left_child=2 -2 3 -1
right_child=1 -3 -4 -5
leaf_value=-0.048114747305711109 -0.038102423213422304 0.067205070822524859 0.0086986357178579186 -0.020517235242628627
leaf_weight=30 20 37 29 28
leaf_count=30 20 37 29 28
internal_value=-0.000285593 0.0302551 -0.020295 -0.0347918
internal_weight=144 57 87 58
internal_count=144 57 87 58
is_linear=0
shrinkage=0.05


Tree=22
num_leaves=5
num_cat=0
split_feature=28 18 18 18
split_gain=31.7674 51.9736 13.2008 3.98197
threshold=1.0000000180025095e-35 1.5000000000000002 4.5000000000000009 3.5000000000000004
decision_type=2 2 2 2
left_child=2 -2 3 -1
right_child=1 -3 -4 -5
leaf_value=-0.045709009741743412 -0.036197302192449571 0.063844817856679101 0.0082637039173779816 -0.019491373481495041
leaf_weight=30 20 37 29 28
leaf_count=30 20 37 29 28
internal_value=-0.000271313 0.0287423 -0.0192802 -0.0330522
internal_weight=144 57 87 58
internal_count=144 57 87 58
is_linear=0
shrinkage=0.05


Tree=23
num_leaves=5
num_cat=0
split_feature=28 18 18 18
split_gain=28.6701 46.9062 11.9138 3.59373
threshold=1.0000000180025095e-35 1.5000000000000002 4.5000000000000009 3.5000000000000004
decision_type=2 2 2 2
left_child=2 -2 3 -1
right_child=1 -3 -4 -5
leaf_value=-0.043423559231062732 -0.034387437291443348 0.060652576761974678 0.007850518793766869 -0.018516804410942965
leaf_weight=30 20 37 29 28
leaf_count=30 20 37 29 28
internal_value=-0.000257748 0.0273052 -0.0183162 -0.0313996
internal_weight=144 57 87 58
internal_count=144 57 87 58
is_linear=0
shrinkage=0.05


Tree=24
num_leaves=5
num_cat=0
split_feature=28 18 28 18
split_gain=26.518 14.9172 7.4255 13.9535
threshold=2.5000000000000004 4.5000000000000009 -1.0000000180025095e-35 2.5000000000000004
decision_type=2 2 2 2
left_child=1 2 -1 -4
right_child=-2 -3 3 -5
leaf_value=-0.035777615454907603 0.051683214448747183 0.020886083581154388 -0.033176768743074861 0.018142483052280216
leaf_weight=39 21 31 26 27
leaf_count=39 21 31 26 27
internal_value=-0.00024486 -0.00911063 -0.0192182 -0.007033
internal_weight=144 123 92 53
internal_count=144 123 92 53
is_linear=0
shrinkage=0.05


Tree=25
num_leaves=5
num_cat=0
split_feature=28 18 28 18
split_gain=17.2108 8.98131 10.173 3.02038
threshold=2.5000000000000004 2.5000000000000004 -1.4999999999999998 3.5000000000000004
decision_type=2 2 2 2
left_child=1 -1 -3 -4
right_child=-2 2 3 -5
leaf_value=-0.032299374545554579 0.03431882948543017 -0.023887146698689323 -0.00082872524702300642 0.023549293523171436
leaf_weight=34 26 32 24 27
leaf_count=34 26 32 24 27
internal_value=-0.00247788 -0.0106549 -0.00178852 0.0120773
internal_weight=143 117 83 51
internal_count=143 117 83 51
is_linear=0
shrinkage=0.05


Tree=26
num_leaves=5
num_cat=0
split_feature=18 28 28 26
split_gain=16.3052 30.3704 5.50045 1.62132
threshold=2.5000000000000004 1.0000000180025095e-35 -1.4999999999999998 3.2500000000000004
decision_type=2 2 2 2
left_child=3 2 -2 -1
right_child=1 -3 -4 -5
leaf_value=-0.017265565632360765 -0.022692789064603858 0.055987210686390225 0.0061891804723178644 -0.035265842520377857
leaf_weight=29 32 26 34 22
leaf_count=29 32 26 34 22
internal_value=-0.00235398 0.0102166 -0.0078142 -0.0250304
internal_weight=143 92 66 51
internal_count=143 92 66 51
is_linear=0
shrinkage=0.05


Tree=27
num_leaves=5
num_cat=0
split_feature=28 18 28 18
split_gain=15.224 7.24817 7.99962 2.96143
threshold=2.5000000000000004 2.5000000000000004 -1.4999999999999998 3.5000000000000004
decision_type=2 2 2 2
left_child=1 -1 -3 -4
right_child=-2 2 3 -5
leaf_value=-0.029371121027232973 0.032371409337681074 -0.021558150085365924 -0.002445444842063201 0.02169349524020045
leaf_weight=34 26 32 24 27
leaf_count=34 26 32 24 27
internal_value=-0.00223628 -0.00992688 -0.00196177 0.010334
internal_weight=143 117 83 51
internal_count=143 117 83 51
is_linear=0
shrinkage=0.05


Tree=28
num_leaves=5
num_cat=0
split_feature=18 28 18 26
split_gain=14.2712 26.6628 4.66059 1.36636
threshold=2.5000000000000004 1.0000000180025095e-35 4.5000000000000009 3.2500000000000004
decision_type=2 2 2 2
left_child=3 2 -2 -1
right_child=1 -3 -4 -5
leaf_value=-0.016211162366229912 -0.01831371742181289 0.052521838845803782 0.0087101932031617736 -0.032735613631931219
leaf_weight=29 39 26 27 22
leaf_count=29 39 26 27 22
internal_value=-0.00212447 0.00963596 -0.00725848 -0.0233394
internal_weight=143 92 66 51
internal_count=143 92 66 51
is_linear=0
shrinkage=0.05


Tree=29
num_leaves=5
num_cat=0
split_feature=28 18 28 18
split_gain=13.4682 5.82234 6.90901 2.89711
threshold=2.5000000000000004 2.5000000000000004 -1.4999999999999998 3.5000000000000004
decision_type=2 2 2 2
left_child=1 -1 -3 -4
right_child=-2 2 3 -5
leaf_value=-0.026678895517526304 0.030532676626283391 -0.020324604013876525 -0.0033259496053991222 0.020549400302546997
leaf_weight=34 26 32 24 27
leaf_count=34 26 32 24 27
internal_value=-0.00201825 -0.00925178 -0.00211297 0.00931394
internal_weight=143 117 83 51
internal_count=143 117 83 51
is_linear=0
shrinkage=0.05


Tree=30
num_leaves=6
num_cat=0
split_feature=28 18 18 18 28
split_gain=14.7226 40.4746 12.1726 5.87552 5.15912
threshold=-1.0000000180025095e-35 3.5000000000000004 1.5000000000000002 4.5000000000000009 1.5000000000000002
decision_type=2 2 2 2 2
left_child=3 2 -2 -1 -4
right_child=1 -3 4 -5 -6
leaf_value=-0.032429601271685801 -0.031593886955544867 0.072331025912648159 -0.0058266085218233264 -0.0022443823133861378 0.028896069265902043
leaf_weight=38 29 21 23 28 20
leaf_count=38 29 21 23 28 20
internal_value=-0.00156308 0.0112542 -0.00655991 -0.0196238 0.0103235
internal_weight=159 93 72 66 43
internal_count=159 93 72 66 43
is_linear=0
shrinkage=0.05


Tree=31
num_leaves=6
num_cat=0
split_feature=25 19 25 25 5
split_gain=29.5191 4.72795 3.64597 2.32358 0.575231
threshold=4.0714285373687753 2.5000000000000004 3.3571429252624516 2.7321428060531621 2.5000000000000004
decision_type=2 2 2 2 2
left_child=1 3 -3 -1 -4
right_child=-2 2 4 -5 -6
leaf_value=-0.0096883093138508819 0.048392695143818859 -0.029377637825612174 -0.0024405250444986103 0.012332623481750488 -0.013474201880119467
leaf_weight=23 25 38 21 25 27
leaf_count=23 25 38 21 25 27
internal_value=-0.00148492 -0.0107904 -0.017807 0.00178093 -0.00864697
internal_weight=159 134 86 48 48
internal_count=159 134 86 48 48
is_linear=0
shrinkage=0.05


Tree=32
num_leaves=6
num_cat=0
split_feature=25 28 18 18 6
split_gain=26.641 5.35385 13.6063 2.94567 0.692366
threshold=4.0714285373687753 -1.4999999999999998 2.5000000000000004 3.5000000000000004 3.5000000000000004
decision_type=2 2 2 2 2
left_child=1 -1 4 -4 -3
right_child=-2 2 3 -5 -6
leaf_value=-0.028094260167563334 0.045973059531301264 -0.027594063610529469 0.00035023339517900479 0.024499513542338851 -0.01566168309189379
leaf_weight=32 25 31 23 28 20
leaf_count=32 25 31 23 28 20
internal_value=-0.00141068 -0.0102509 -0.00465302 0.0136087 -0.0229147
internal_weight=159 134 102 51 51
internal_count=159 134 102 51 51
is_linear=0
shrinkage=0.05


Tree=33
num_leaves=6
num_cat=0
split_feature=25 28 18 18 15
split_gain=24.0435 4.83185 12.2797 2.65847 0.688758
threshold=4.0714285373687753 -1.4999999999999998 2.5000000000000004 3.5000000000000004 0.40966403484344488
decision_type=2 2 2 2 2
left_child=1 -1 4 -4 -3
right_child=-2 2 3 -5 -6
leaf_value=-0.026689547122805381 0.043674407646059989 -0.027247217028505272 0.00033272182538538527 0.023274538274771269 -0.015605929455099008
leaf_weight=32 25 27 23 28 24
leaf_count=32 25 27 23 28 24
internal_value=-0.00134014 -0.00973838 -0.00442037 0.0129282 -0.021769
internal_weight=159 134 102 51 51
internal_count=159 134 102 51 51
is_linear=0
shrinkage=0.05


Tree=34
num_leaves=6
num_cat=0
split_feature=25 19 25 25 5
split_gain=21.6993 4.05294 2.9778 1.89088 0.534236
threshold=4.0714285373687753 2.5000000000000004 3.3571429252624516 2.7321428060531621 2.5000000000000004
decision_type=2 2 2 2 2
left_child=1 3 -3 -1 -4
right_child=-2 2 4 -5 -6
leaf_value=-0.0079584054000999618 0.041490686342120171 -0.026204638729656216 -0.0014884170585511519 0.011906608122400941 -0.012121655329785964
leaf_weight=23 25 38 21 25 27
leaf_count=23 25 38 21 25 27
internal_value=-0.00127314 -0.00925146 -0.0157479 0.00238796 -0.00746961
internal_weight=159 134 86 48 48
internal_count=159 134 86 48 48
is_linear=0
shrinkage=0.05


Tree=35
num_leaves=5
num_cat=0
split_feature=26 28 25 19
split_gain=20.4721 5.97775 1.7266 2.1972
threshold=3.7500000000000004 -1.4999999999999998 2.928571462631226 3.5000000000000004
decision_type=2 2 2 2
left_child=1 -1 -3 -4
right_child=-2 2 3 -5
leaf_value=-0.024915316713352998 0.038855845166130387 -0.0083723212140753411 0.016779779427899762 -0.0026553585074108208
leaf_weight=30 33 33 26 33
leaf_count=30 33 33 26 33
internal_value=0.00391706 -0.0055336 0.000786531 0.00590928
internal_weight=155 122 92 59
internal_count=155 122 92 59
is_linear=0
shrinkage=0.05


Tree=36
num_leaves=6
num_cat=0
split_feature=28 18 18 28 18
split_gain=18.5272 23.6741 4.05725 6.68936 3.57463
threshold=-1.0000000180025095e-35 3.5000000000000004 1.5000000000000002 1.5000000000000002 4.5000000000000009
decision_type=2 2 2 2 2
left_child=4 2 -2 -4 -1
right_child=1 -3 3 -5 -6
leaf_value=-0.027303863856941463 -0.014379825407550449 0.063610056550665345 -0.0045789853710000621 0.03388370737433434 -0.0039884901875930452
leaf_weight=35 21 22 26 20 31
leaf_count=35 21 22 26 20 31
internal_value=0.00372121 0.0186075 0.00383051 0.0121439 -0.0163527
internal_weight=155 89 67 46 66
internal_count=155 89 67 46 66
is_linear=0
shrinkage=0.05


Tree=37
num_leaves=6
num_cat=0
split_feature=26 28 18 28 14
split_gain=17.8168 4.95433 5.66102 1.42804 0.286121
threshold=3.7500000000000004 -1.4999999999999998 3.5000000000000004 1.0000000180025095e-35 0.29696027934551245
decision_type=2 2 2 2 2
left_child=1 -1 3 -3 -5
right_child=-2 2 -4 4 -6
leaf_value=-0.022926100871215264 0.036129423191375805 -0.015988747661726345 0.020776819246821107 -0.0053353943151887503 0.0031221666373312477
leaf_weight=30 33 27 25 20 20
leaf_count=30 33 27 25 20 20
internal_value=0.00353515 -0.00528134 0.000472388 -0.00710389 -0.00110661
internal_weight=155 122 92 67 40
internal_count=155 122 92 67 40
is_linear=0
shrinkage=0.05


Tree=38
num_leaves=6
num_cat=0
split_feature=28 18 28 18 1
split_gain=16.6281 13.768 5.33018 7.62091 0.543738
threshold=1.5000000000000002 2.5000000000000004 -2.4999999999999996 3.5000000000000004 11.500000000000002
decision_type=2 2 2 2 2
left_child=2 -2 -1 4 -4
right_child=1 -3 3 -5 -6
leaf_value=-0.02727401688694954 0.0026442348795092628 0.058640311631496023 -0.0088703940220346503 0.015294657845814259 -0.019648249460384251
leaf_weight=25 23 21 22 39 25
leaf_count=25 23 21 22 39 25
internal_value=0.00335839 0.0293696 -0.00695238 -0.00104492 -0.0146033
internal_weight=155 44 111 86 47
internal_count=155 44 111 86 47
is_linear=0
shrinkage=0.05


Tree=39
num_leaves=6
num_cat=0
split_feature=26 28 18 28 14
split_gain=15.6826 4.1316 4.76414 1.06957 0.293766
threshold=3.7500000000000004 -1.4999999999999998 3.5000000000000004 1.0000000180025095e-35 0.29696027934551245
decision_type=2 2 2 2 2
left_child=1 -1 3 -3 -5
right_child=-2 2 -4 4 -6
leaf_value=-0.02119437461757722 0.033770392171925671 -0.014466364692068762 0.018799862485378984 -0.0058717419393360618 0.0026980578154325485
leaf_weight=30 33 27 25 20 20
leaf_count=30 33 27 25 20 20
internal_value=0.00319047 -0.00508115 0.000173163 -0.0067771 -0.00158684
internal_weight=155 122 92 67 40
internal_count=155 122 92 67 40
is_linear=0
shrinkage=0.05


Tree=40
num_leaves=6
num_cat=0
split_feature=28 28 18 28 11
split_gain=11.5906 5.33621 10.4733 1.31647 0.271433
threshold=2.5000000000000004 -2.4999999999999996 3.5000000000000004 1.0000000180025095e-35 24.500000000000004
decision_type=2 2 2 2 2
left_child=1 -1 3 -3 -4
right_child=-2 2 4 -5 -6
leaf_value=-0.030881736461411825 0.029413209638247891 -0.023211529365439409 0.012097464052421856 -0.00857116002256849 0.02033507309854031
leaf_weight=22 24 34 20 28 20
leaf_count=22 24 34 20 28 20
internal_value=-0.00239199 -0.00854784 -0.00373072 -0.0165997 0.0162163
internal_weight=148 124 102 62 40
internal_count=148 124 102 62 40
is_linear=0
shrinkage=0.05


Tree=41
num_leaves=6
num_cat=0
split_feature=28 3 18 28 18
split_gain=10.4606 4.90193 9.41945 1.89757 1.60351
threshold=2.5000000000000004 5.2500000000000009 4.5000000000000009 -1.0000000180025095e-35 2.5000000000000004
decision_type=2 2 2 2 2
left_child=1 2 3 -1 -5
right_child=-2 -3 -4 4 -6
leaf_value=-0.021868438079142044 0.027942549041472378 -0.030790084293112158 0.022988222882151604 -0.013721899055443437 0.0048147765174508103
leaf_weight=31 24 20 25 28 20
leaf_count=31 24 20 25 28 20
internal_value=-0.00227239 -0.00812045 -0.0037609 -0.0122258 -0.00599828
internal_weight=148 124 104 79 48
internal_count=148 124 104 79 48
is_linear=0
shrinkage=0.05


Tree=42
num_leaves=6
num_cat=0
split_feature=28 28 18 28 9
split_gain=9.44065 4.95878 9.03727 1.14633 0.250771
threshold=2.5000000000000004 -2.4999999999999996 3.5000000000000004 1.0000000180025095e-35 18.500000000000004
decision_type=2 2 2 2 2
left_child=1 -1 3 -3 -4
right_child=-2 2 4 -5 -6
leaf_value=-0.029243985004723073 0.026545421674381942 -0.021194812871844455 0.011499366923235358 -0.0075331986624015759 0.019417248310055587
leaf_weight=22 24 34 20 28 20
leaf_count=22 24 34 20 28 20
internal_value=-0.00215877 -0.00771442 -0.00307079 -0.0150251 0.0154583
internal_weight=148 124 102 62 40
internal_count=148 124 102 62 40
is_linear=0
shrinkage=0.05


Tree=43
num_leaves=6
num_cat=0
split_feature=28 28 18 28 25
split_gain=8.52019 4.4753 8.15613 1.03456 0.294932
threshold=2.5000000000000004 -2.4999999999999996 3.5000000000000004 1.0000000180025095e-35 3.5000000000000004
decision_type=2 2 2 2 2
left_child=1 -1 3 -3 -4
right_child=-2 2 4 -5 -6
leaf_value=-0.02778178679502823 0.025218150213671228 -0.020135072172920713 0.010391998132690788 -0.0071565385359073329 0.018978785789804536
leaf_weight=22 24 34 20 28 20
leaf_count=22 24 34 20 28 20
internal_value=-0.00205083 -0.0073287 -0.00291725 -0.0142738 0.0146854
internal_weight=148 124 102 62 40
internal_count=148 124 102 62 40
is_linear=0
shrinkage=0.05


Tree=44
num_leaves=5
num_cat=0
split_feature=28 18 25 3
split_gain=7.75904 13.8829 6.22011 2.76808
threshold=-1.0000000180025095e-35 1.5000000000000002 3.6428570747375493 3.2500000000000004
decision_type=2 2 2 2
left_child=3 -2 -3 -1
right_child=1 2 -4 -5
leaf_value=-0.0052963763653465059 -0.021489582588805612 0.009419477399205789 0.043660397091436959 -0.02613404588890262
leaf_weight=34 27 36 21 30
leaf_count=34 27 36 21 30
internal_value=-0.00194829 0.00804465 0.0220346 -0.015064
internal_weight=148 84 57 64
internal_count=148 84 57 64
is_linear=0
shrinkage=0.05


Tree=45
num_leaves=5
num_cat=0
split_feature=18 28 28 18
split_gain=9.47493 19.4886 3.33183 2.65413
threshold=1.5000000000000002 1.5000000000000002 -1.0000000180025095e-35 4.5000000000000009
decision_type=2 2 2 2
left_child=-1 2 3 -2
right_child=1 -3 -4 -5
leaf_value=-0.029644152650143953 -0.021242204759105602 0.045122656536598998 0.0081737320970205474 -0.0013367392179189307
leaf_weight=24 34 24 32 33
leaf_count=24 34 24 32 33
internal_value=-0.000906829 0.00470045 -0.00509887 -0.011438
internal_weight=147 123 99 67
internal_count=147 123 99 67
is_linear=0
shrinkage=0.05


Tree=46
num_leaves=6
num_cat=0
split_feature=26 18 28 19 27
split_gain=12.5823 4.47807 6.34464 0.803147 0.656577
threshold=3.7500000000000004 2.5000000000000004 -1.4999999999999998 3.5000000000000004 3.216666698455811
decision_type=2 2 2 2 2
left_child=1 4 -3 -4 -1
right_child=-2 2 3 -5 -6
leaf_value=-0.027726688239490618 0.028026875959864507 -0.017585027636960151 0.0185596181915819 0.0047154793795198199 -0.015339630969759564
leaf_weight=20 30 32 22 20 23
leaf_count=20 30 32 22 20 23
internal_value=-0.000861488 -0.00826876 -0.000812158 0.0119672 -0.0211011
internal_weight=147 117 74 42 43
internal_count=147 117 74 42 43
is_linear=0
shrinkage=0.05


Tree=47
num_leaves=6
num_cat=0
split_feature=26 18 28 19 27
split_gain=11.3555 4.04146 5.72604 0.724841 0.592561
threshold=3.7500000000000004 2.5000000000000004 -1.4999999999999998 3.5000000000000004 3.216666698455811
decision_type=2 2 2 2 2
left_child=1 4 -3 -4 -1
right_child=-2 2 3 -5 -6
leaf_value=-0.026340353749692444 0.026625533243447231 -0.016705776390153915 0.017631636924025688 0.0044797054398804902 -0.014572649254747059
leaf_weight=20 30 32 22 20 23
leaf_count=20 30 32 22 20 23
internal_value=-0.000818413 -0.00785532 -0.00077155 0.0113688 -0.020046
internal_weight=147 117 74 42 43
internal_count=147 117 74 42 43
is_linear=0
shrinkage=0.05


Tree=48
num_leaves=6
num_cat=0
split_feature=26 18 28 19 11
split_gain=10.2483 3.64742 5.16775 0.654169 0.557929
threshold=3.7500000000000004 2.5000000000000004 -1.4999999999999998 3.5000000000000004 19.500000000000004
decision_type=2 2 2 2 2
left_child=1 4 -3 -4 -1
right_child=-2 2 3 -5 -6
leaf_value=-0.025151348430663346 0.025294256045793495 -0.015870487790380139 0.016750055498612876 0.0042557202279567717 -0.013732701378024143
leaf_weight=20 30 32 22 20 23
leaf_count=20 30 32 22 20 23
internal_value=-0.000777493 -0.00746256 -0.000732973 0.0108004 -0.0190437
internal_weight=147 117 74 42 43
internal_count=147 117 74 42 43
is_linear=0
shrinkage=0.05


Tree=49
num_leaves=6
num_cat=0
split_feature=26 18 28 19 27
split_gain=9.24912 3.29179 4.6639 0.590387 0.506089
threshold=3.7500000000000004 2.5000000000000004 -1.4999999999999998 3.5000000000000004 3.216666698455811
decision_type=2 2 2 2 2
left_child=1 4 -3 -4 -1
right_child=-2 2 3 -5 -6
leaf_value=-0.023908501765690746 0.024029543089369935 -0.015076963328829152 0.01591255255007127 0.0040429342025890954 -0.013033265992999078
leaf_weight=20 30 32 22 20 23
leaf_count=20 30 32 22 20 23
internal_value=-0.000738618 -0.00708943 -0.000696324 0.0102604 -0.0180915
internal_weight=147 117 74 42 43
internal_count=147 117 74 42 43
is_linear=0
shrinkage=0.05


Tree=50
num_leaves=6
num_cat=0
split_feature=28 26 28 21 20
split_gain=11.1798 9.47932 3.84371 1.12308 0.990391
threshold=1.5000000000000002 3.4642857313156132 -2.4999999999999996 2.5000000000000004 3.5000000000000004
decision_type=2 2 2 2 2
left_child=2 -2 -1 -4 -5
right_child=1 -3 3 4 -6
leaf_value=-0.026370068218397061 0.00010596942763937557 0.047172681093215943 0.0058722104430974781 -0.001084181475603292 -0.014459882482886315
leaf_weight=23 23 20 24 31 25
leaf_count=23 23 20 24 31 25
internal_value=0.000583601 0.0219975 -0.00835617 -0.00317717 -0.00705548
internal_weight=146 43 103 80 56
internal_count=146 43 103 80 56
is_linear=0
shrinkage=0.05


Tree=51
num_leaves=5
num_cat=0
split_feature=25 20 25 17
split_gain=10.3479 2.75243 1.22843 0.77598
threshold=3.7857142686843877 2.5000000000000004 2.928571462631226 1.0000000180025095e-35
decision_type=2 2 2 2
left_child=1 2 -1 -3
right_child=-2 3 -4 -5
leaf_value=-0.0060691778696226805 0.0229953434416338 -0.0092567264190497444 0.010639756816354665 -0.020404869903534378
leaf_weight=22 38 37 22 27
leaf_count=22 38 37 22 27
internal_value=0.000554421 -0.00734146 0.00228529 -0.0139598
internal_weight=146 108 44 64
internal_count=146 108 44 64
is_linear=0
shrinkage=0.05


Tree=52
num_leaves=6
num_cat=0
split_feature=28 26 28 18 20
split_gain=9.78294 8.26912 3.5738 3.70542 1.78053
threshold=1.5000000000000002 3.4642857313156132 -2.4999999999999996 3.5000000000000004 3.5000000000000004
decision_type=2 2 2 2 2
left_child=2 -2 -1 4 -4
right_child=1 -3 3 -5 -6
leaf_value=-0.025205865583342053 0.00011177575595312469 0.044071498801931744 -0.0034859479447136282 0.010686760440078234 -0.022878240458667279
leaf_weight=23 23 20 29 31 20
leaf_count=23 23 20 29 31 20
internal_value=0.0005267 0.0205582 -0.00783595 -0.0028421 -0.0114012
internal_weight=146 43 103 80 49
internal_count=146 43 103 80 49
is_linear=0
shrinkage=0.05


Tree=53
num_leaves=5
num_cat=0
split_feature=28 18 28 27
split_gain=9.06075 5.48883 2.29348 1.06216
threshold=2.5000000000000004 4.5000000000000009 -1.0000000180025095e-35 3.4166667461395268
decision_type=2 2 2 2
left_child=1 2 -1 -4
right_child=-2 -3 3 -5
leaf_value=-0.021927539877651725 0.029305118176600212 0.01292570874793455 5.8817400470919294e-05 -0.01369666572984146
leaf_weight=32 23 32 36 23
leaf_count=32 23 32 36 23
internal_value=0.000500365 -0.00488589 -0.0111493 -0.00530349
internal_weight=146 123 91 59
internal_count=146 123 91 59
is_linear=0
shrinkage=0.05


Tree=54
num_leaves=5
num_cat=0
split_feature=25 20 19 1
split_gain=8.61791 2.34537 1.08787 0.785991
threshold=3.7857142686843877 2.5000000000000004 3.5000000000000004 10.500000000000002
decision_type=2 2 2 2
left_child=1 2 -1 -3
right_child=-2 3 -4 -5
leaf_value=0.0093331000811303962 0.020954628533830771 -0.019326212503990435 -0.0064562767138704657 -0.0081063897392989418
leaf_weight=24 38 27 20 37
leaf_count=24 38 27 20 37
internal_value=0.000475347 -0.00673033 0.00215611 -0.0128398
internal_weight=146 108 44 64
internal_count=146 108 44 64
is_linear=0
shrinkage=0.05


Tree=55
num_leaves=6
num_cat=0
split_feature=28 20 16 17 18
split_gain=5.06073 3.74957 1.62641 1.8073 1.14312
threshold=2.5000000000000004 2.5000000000000004 -1.0000000180025095e-35 1.0000000180025095e-35 3.5000000000000004
decision_type=2 2 2 2 2
left_child=1 4 -3 -4 -1
right_child=-2 2 3 -5 -6
leaf_value=-0.0050451979506760843 0.017021371837472543 -0.0058828627915992852 -0.010348779922721653 -0.030189042231844116 0.011299263059323572
leaf_weight=20 24 31 22 24 23
leaf_count=20 24 31 22 24 23
internal_value=-0.0039381 -0.00813 -0.0147348 -0.0207002 0.00369719
internal_weight=144 120 77 46 43
internal_count=144 120 77 46 43
is_linear=0
shrinkage=0.05


Tree=56
num_leaves=6
num_cat=0
split_feature=28 20 6 18 27
split_gain=4.56731 3.38399 3.00628 1.03166 0.754596
threshold=2.5000000000000004 2.5000000000000004 1.5000000000000002 3.5000000000000004 3.3833333253860478
decision_type=2 2 2 2 2
left_child=1 3 -3 -1 -4
right_child=-2 2 4 -5 -6
leaf_value=-0.0047929382044821986 0.016170302448639026 -0.028679590225995828 -0.0021259335009381174 0.010734300161509412 -0.014163556709156736
leaf_weight=20 24 24 30 23 23
leaf_count=20 24 24 30 23 23
internal_value=-0.0037412 -0.0077235 -0.0139981 0.00351233 -0.00734981
internal_weight=144 120 77 43 53
internal_count=144 120 77 43 53
is_linear=0
shrinkage=0.05


Tree=57
num_leaves=6
num_cat=0
split_feature=28 20 6 18 27
split_gain=4.122 3.05405 2.71317 0.931076 0.681023
threshold=2.5000000000000004 2.5000000000000004 1.5000000000000002 3.5000000000000004 3.3833333253860478
decision_type=2 2 2 2 2
left_child=1 3 -3 -1 -4
right_child=-2 2 4 -5 -6
leaf_value=-0.0045532913506031039 0.015361787852210304 -0.027245610677831184 -0.0020196366407132398 0.010197584926272216 -0.013455379077704097
leaf_weight=20 24 24 30 23 23
leaf_count=20 24 24 30 23 23
internal_value=-0.00355414 -0.00733732 -0.0132981 0.00333671 -0.00698232
internal_weight=144 120 77 43 53
internal_count=144 120 77 43 53
is_linear=0
shrinkage=0.05


Tree=58
num_leaves=6
num_cat=0
split_feature=28 20 6 21 18
split_gain=3.7201 2.75628 2.44863 1.0752 0.840296
threshold=2.5000000000000004 2.5000000000000004 1.5000000000000002 2.5000000000000004 3.5000000000000004
decision_type=2 2 2 2 2
left_child=1 4 -3 -4 -1
right_child=-2 2 3 -5 -6
leaf_value=-0.0043256267206743361 0.014593698550015688 -0.025883330175808322 0.0018204979101111266 -0.012632600994284957 0.0096877062338930758
leaf_weight=20 24 24 22 31 23
leaf_count=20 24 24 22 31 23
internal_value=-0.00337643 -0.00697046 -0.0126332 -0.0066332 0.00316988
internal_weight=144 120 77 53 43
internal_count=144 120 77 53 43
is_linear=0
shrinkage=0.05


Tree=59
num_leaves=5
num_cat=0
split_feature=22 18 28 28
split_gain=3.46163 4.13713 6.25246 2.04482
threshold=1.5000000000000002 2.5000000000000004 1.0000000180025095e-35 -2.4999999999999996
decision_type=2 2 2 2
left_child=-1 -2 3 -3
right_child=1 2 -4 -5
leaf_value=0.010473080507612656 -0.023052059528568099 -0.022713091429322957 0.022647734766360374 -0.0029613870649451493
leaf_weight=35 31 20 20 38
leaf_count=35 31 20 20 38
internal_value=-0.00320761 -0.00760049 -0.00145949 -0.00977232
internal_weight=144 109 78 58
internal_count=144 109 78 58
is_linear=0
shrinkage=0.05


Tree=60
num_leaves=6
num_cat=0
split_feature=28 28 12 27 15
split_gain=7.9496 3.21326 1.54718 1.48085 0.986195
threshold=2.5000000000000004 -2.4999999999999996 -0.68301269412040699 3.4166667461395268 -0.17992616817355153
decision_type=2 2 2 2 2
left_child=1 -1 -3 4 -4
right_child=-2 2 3 -5 -6
leaf_value=-0.022908841462238975 0.025390921804743512 0.0085871480926871298 0.00770334777910085 -0.01490168535965495 -0.0066304366370396953
leaf_weight=23 24 25 21 28 28
leaf_count=23 24 25 21 28 28
internal_value=-0.000966253 -0.00602683 -0.0022201 -0.00572895 -0.000487386
internal_weight=149 125 102 77 49
internal_count=149 125 102 77 49
is_linear=0
shrinkage=0.05


Tree=61
num_leaves=6
num_cat=0
split_feature=18 6 13 27 27
split_gain=4.01899 3.58651 3.78681 2.11036 1.96645
threshold=1.5000000000000002 5.5000000000000009 1.0000000180025095e-35 3.5499999523162846 3.2833333015441899
decision_type=2 2 2 2 2
left_child=-1 2 3 -2 -4
right_child=1 -3 4 -5 -6
leaf_value=-0.020138090788184303 0.00023863859474658965 0.020931628744371916 -0.001935964944617202 0.021206691181287169 -0.021137785073369744
leaf_weight=23 30 22 30 20 24
leaf_count=23 30 22 30 20 24
internal_value=-0.00091794 0.0025905 -0.00128935 0.00862586 -0.0104701
internal_weight=149 126 104 50 54
internal_count=149 126 104 50 54
is_linear=0
shrinkage=0.05


Tree=62
num_leaves=6
num_cat=0
split_feature=28 28 18 22 9
split_gain=7.29251 2.85704 5.17489 0.8733 0.638927
threshold=2.5000000000000004 -2.4999999999999996 3.5000000000000004 3.5000000000000004 20.500000000000004
decision_type=2 2 2 2 2
left_child=1 -1 3 -3 -4
right_child=-2 2 4 -5 -6
leaf_value=-0.021637740229134977 0.024372348460989693 -0.0065442620902448085 0.005516323728841685 -0.018790710888182127 0.018003460080362858
leaf_weight=23 24 37 21 24 20
leaf_count=23 24 37 21 24 20
internal_value=-0.000872043 -0.00571897 -0.00212944 -0.0113625 0.0116076
internal_weight=149 125 102 61 41
internal_count=149 125 102 61 41
is_linear=0
shrinkage=0.05


Tree=63
num_leaves=6
num_cat=0
split_feature=28 28 12 26 11
split_gain=6.58149 2.57848 1.32476 1.27504 0.705296
threshold=2.5000000000000004 -2.4999999999999996 -0.68301269412040699 3.6071428060531621 14.500000000000002
decision_type=2 2 2 2 2
left_child=1 -1 -3 4 -4
right_child=-2 2 3 -5 -6
leaf_value=-0.020555853454963025 0.023153731494676325 0.0079773422209545985 -0.0074030222329311071 -0.01544300217012113 0.0039681808898846312
leaf_weight=23 24 25 25 22 30
leaf_count=23 24 25 25 22 30
internal_value=-0.000828441 -0.00543302 -0.00202297 -0.00526982 -0.00120055
internal_weight=149 125 102 77 55
internal_count=149 125 102 77 55
is_linear=0
shrinkage=0.05


Tree=64
num_leaves=6
num_cat=0
split_feature=28 28 18 22 14
split_gain=5.9398 2.32708 4.63595 0.785349 0.268319
threshold=2.5000000000000004 -2.4999999999999996 3.5000000000000004 3.5000000000000004 0.29696027934551245
decision_type=2 2 2 2 2
left_child=1 -1 3 -3 -4
right_child=-2 2 4 -5 -6
leaf_value=-0.019528060511726401 0.021996044661500493 -0.0060916990608077606 0.015027622864138158 -0.017705109249800444 0.0069354958645999436
leaf_weight=23 24 37 21 24 20
leaf_count=23 24 37 21 24 20
internal_value=-0.000787019 -0.00516137 -0.00192182 -0.0106609 0.0110802
internal_weight=149 125 102 61 41
internal_count=149 125 102 61 41
is_linear=0
shrinkage=0.05


Tree=65
num_leaves=5
num_cat=0
split_feature=26 18 20 21
split_gain=3.87667 1.96726 1.28713 0.435647
threshold=3.7500000000000004 2.5000000000000004 2.5000000000000004 2.5000000000000004
decision_type=2 2 2 2
left_child=1 -1 -3 -4
right_child=-2 2 3 -5
leaf_value=-0.011695511901500422 0.016871592110714342 0.010881637200644171 -0.0081729385680297303 0.001509616649351441
leaf_weight=39 33 27 21 26
leaf_count=39 33 27 21 26
internal_value=0.00179493 -0.00260799 0.00218139 -0.00281663
internal_weight=146 113 74 47
internal_count=146 113 74 47
is_linear=0
shrinkage=0.05


Tree=66
num_leaves=5
num_cat=0
split_feature=26 18 20 4
split_gain=3.49869 1.77546 1.16163 0.359872
threshold=3.7500000000000004 2.5000000000000004 2.5000000000000004 1.0000000180025095e-35
decision_type=2 2 2 2
left_child=1 -1 -3 -4
right_child=-2 2 3 -5
leaf_value=-0.011110736371185153 0.016028013788728101 0.010337555470565956 0.0024076914740726353 -0.0064413490820529502
leaf_weight=39 33 27 20 27
leaf_count=39 33 27 20 27
internal_value=0.00170519 -0.00247759 0.00207232 -0.0026758
internal_weight=146 113 74 47
internal_count=146 113 74 47
is_linear=0
shrinkage=0.05


Tree=67
num_leaves=6
num_cat=0
split_feature=28 26 27 1 6
split_gain=6.67095 6.80976 1.66853 0.531734 0.910658
threshold=1.0000000180025095e-35 3.6785713434219365 3.7833333015441899 10.500000000000002 2.5000000000000004
decision_type=2 2 2 2 2
left_child=2 -2 3 -1 -5
right_child=1 -3 -4 4 -6
leaf_value=-0.0090183253251016147 0.0021732788921023411 0.038561742787715049 -0.019547198207583279 -0.0075275086842122533 0.0067298385392253598
leaf_weight=25 36 20 20 21 24
leaf_count=25 36 20 20 21 24
internal_value=0.00161993 0.0151692 -0.00681071 -0.00317171 7.64098e-05
internal_weight=146 56 90 70 45
internal_count=146 56 90 70 45
is_linear=0
shrinkage=0.05


Tree=68
num_leaves=5
num_cat=0
split_feature=28 18 18 28
split_gain=6.02053 8.42968 2.21491 0.772338
threshold=1.0000000180025095e-35 2.5000000000000004 4.5000000000000009 -1.0000000180025095e-35
decision_type=2 2 2 2
left_child=2 -2 3 -1
right_child=1 -3 -4 -5
leaf_value=-0.018025231766965119 -0.0043075106050498016 0.034515447921499062 0.0031364817586210045 -0.0059324618671899258
leaf_weight=31 29 27 36 23
leaf_count=31 29 27 36 23
internal_value=0.00153893 0.0144107 -0.00647017 -0.0128746
internal_weight=146 56 90 54
internal_count=146 56 90 54
is_linear=0
shrinkage=0.05


Tree=69
num_leaves=5
num_cat=0
split_feature=28 18 18 28
split_gain=5.43353 7.60778 1.99895 0.697035
threshold=1.0000000180025095e-35 2.5000000000000004 4.5000000000000009 -1.0000000180025095e-35
decision_type=2 2 2 2
left_child=2 -2 3 -1
right_child=1 -3 -4 -5
leaf_value=-0.017123970118982177 -0.0040921355180185415 0.032789675241198253 0.0029796578145275514 -0.0056358387855731931
leaf_weight=31 29 27 36 23
leaf_count=31 29 27 36 23
internal_value=0.00146198 0.0136902 -0.00614666 -0.0122309
internal_weight=146 56 90 54
internal_count=146 56 90 54
is_linear=0
shrinkage=0.05


Tree=70
num_leaves=6
num_cat=0
split_feature=25 28 18 18 21
split_gain=9.06734 1.81672 3.83955 0.802017 0.355512
threshold=4.0714285373687753 1.0000000180025095e-35 2.5000000000000004 4.5000000000000009 3.5000000000000004
decision_type=2 2 2 2 2
left_child=1 3 -3 4 -1
right_child=-2 2 -4 -5 -6
leaf_value=-0.012381981470743257 0.032162030624306719 -0.0059783911382380343 0.022705428819172088 0.0011660365925098841 -0.0044659410157929296
leaf_weight=37 23 28 20 26 23
leaf_count=37 23 28 20 26 23
internal_value=0.00315865 -0.00181955 0.0059732 -0.00616899 -0.0093475
internal_weight=157 134 48 86 60
internal_count=157 134 48 86 60
is_linear=0
shrinkage=0.05


Tree=71
num_leaves=7
num_cat=0
split_feature=25 18 19 15 20 18
split_gain=8.18328 1.65528 0.865868 1.6099 0.905832 0.721097
threshold=4.0714285373687753 1.5000000000000002 2.5000000000000004 0.17992616817355159 3.5000000000000004 3.5000000000000004
decision_type=2 2 2 2 2 2
left_child=1 -1 5 4 -4 -3
right_child=-2 2 3 -5 -6 -7
leaf_value=-0.014619443938136101 0.030553928276766902 -0.00013350286521017553 0.010310414170279452 -0.011718852737725809 -0.0040526296056452252 0.013293118616566063
leaf_weight=21 23 20 23 29 21 20
leaf_count=21 23 20 23 29 21 20
internal_value=0.00300071 -0.00172857 0.000667079 -0.00257277 0.00345533 0.00657981
internal_weight=157 134 113 73 44 40
internal_count=157 134 113 73 44 40
is_linear=0
shrinkage=0.05


Tree=72
num_leaves=6
num_cat=0
split_feature=25 28 18 9 18
split_gain=7.38541 1.70823 3.29345 0.965665 0.552272
threshold=4.0714285373687753 1.0000000180025095e-35 2.5000000000000004 12.500000000000002 3.5000000000000004
decision_type=2 2 2 2 2
left_child=1 3 -3 -1 -5
right_child=-2 2 -4 4 -6
leaf_value=-0.012255371809005738 0.029026232562635257 -0.0051547258659931164 0.021411046143621208 -0.0079483371879905465 0.0027086825710871528
leaf_weight=35 23 28 20 20 31
leaf_count=35 23 28 20 20 31
internal_value=0.00285068 -0.00164214 0.00591435 -0.00585972 -0.00147054
internal_weight=157 134 48 86 51
internal_count=157 134 48 86 51
is_linear=0
shrinkage=0.05


Tree=73
num_leaves=6
num_cat=0
split_feature=26 20 25 27 27
split_gain=6.80269 1.93515 1.90245 0.729266 0.360055
threshold=3.7500000000000004 2.5000000000000004 2.928571462631226 3.3166666030883794 3.4500000476837163
decision_type=2 2 2 2 2
left_child=1 2 -1 -3 -5
right_child=-2 3 -4 4 -6
leaf_value=-0.0057494825683534149 0.022503967068212876 -0.012309478470482506 0.015130603057332338 0.0020429943781346085 -0.0074445697292685508
leaf_weight=20 34 39 24 20 20
leaf_count=20 34 39 24 20 20
internal_value=0.00270814 -0.00276387 0.00563966 -0.00744432 -0.00270079
internal_weight=157 123 44 79 40
internal_count=157 123 44 79 40
is_linear=0
shrinkage=0.05


Tree=74
num_leaves=6
num_cat=0
split_feature=25 28 18 9 18
split_gain=6.34855 1.5087 2.90029 0.901467 0.486052
threshold=4.0714285373687753 1.0000000180025095e-35 2.5000000000000004 12.500000000000002 3.5000000000000004
decision_type=2 2 2 2 2
left_child=1 3 -3 -1 -5
right_child=-2 2 -4 4 -6
leaf_value=-0.011735798418521882 0.026841408500204916 -0.0048786884789089012 0.020051007736474277 -0.0073926599777769308 0.0026050477251110061
leaf_weight=35 23 28 20 20 31
leaf_count=35 23 28 20 20 31
internal_value=0.00257274 -0.00159278 0.00550868 -0.00555639 -0.00131562
internal_weight=157 134 48 86 51
internal_count=157 134 48 86 51
is_linear=0
shrinkage=0.05


Tree=75
num_leaves=6
num_cat=0
split_feature=27 26 28 25 15
split_gain=4.41743 7.08141 0.825091 1.07393 0.726335
threshold=3.7833333015441899 3.6785713434219365 -1.4999999999999998 2.928571462631226 1.0000000180025095e-35
decision_type=2 2 2 2 2
left_child=1 2 -1 -4 -5
right_child=-2 -3 3 4 -6
leaf_value=-0.010487997430376709 -0.018198736364332339 0.028196064787714376 -0.0075997248624584506 -0.0012119928840547802 0.01164949761282298
leaf_weight=25 30 23 28 23 21
leaf_count=25 30 23 28 23 21
internal_value=-0.00103787 0.00325234 -0.00266215 5.51572e-05 0.00492645
internal_weight=150 120 97 72 44
internal_count=150 120 97 72 44
is_linear=0
shrinkage=0.05


Tree=76
num_leaves=6
num_cat=0
split_feature=22 28 18 23 15
split_gain=4.15092 4.72459 2.56326 1.25531 0.08941
threshold=2.5000000000000004 1.0000000180025095e-35 3.5000000000000004 3.5000000000000004 0.29696027934551245
decision_type=2 2 2 2 2
left_child=1 4 3 -2 -1
right_child=2 -3 -4 -5 -6
leaf_value=-0.0039584235346410424 -0.022267850086992159 0.026845410352815752 0.0016817679935085931 -0.0059850543353240941 0.00076942008920013907
leaf_weight=20 29 23 38 20 20
leaf_count=20 29 23 38 20 20
internal_value=-0.000985981 0.00878832 -0.00806393 -0.0156218 -0.0015945
internal_weight=150 63 87 49 40
internal_count=150 63 87 49 40
is_linear=0
shrinkage=0.05


Tree=77
num_leaves=5
num_cat=0
split_feature=27 26 20 27
split_gain=3.89087 6.30889 0.815484 0.452089
threshold=3.7833333015441899 3.6785713434219365 2.5000000000000004 3.3166666030883794
decision_type=2 2 2 2
left_child=1 2 -1 -4
right_child=-2 -3 3 -5
leaf_value=0.003219655207603386 -0.017042306024620001 0.026633595594245458 -0.0099251492496799029 -0.0010679061617702246
leaf_weight=38 30 23 34 25
leaf_count=38 30 23 34 25
internal_value=-0.000936682 0.00308972 -0.00249284 -0.00617208
internal_weight=150 120 97 59
internal_count=150 120 97 59
is_linear=0
shrinkage=0.05


Tree=78
num_leaves=5
num_cat=0
split_feature=14 14 19 18
split_gain=3.71847 6.07839 2.11578 1.27015
threshold=0.40966403484344488 0.78574731945991527 3.5000000000000004 2.5000000000000004
decision_type=2 2 2 2
left_child=2 -2 3 -1
right_child=1 -3 -4 -5
leaf_value=-0.0098066207466889991 0.025782503937703691 -0.0071633244698335015 -0.016072433383669704 0.0054997138453252393
leaf_weight=23 28 28 38 33
leaf_count=23 28 28 38 33
internal_value=-0.000889848 0.00930959 -0.00696611 -0.000786816
internal_weight=150 56 94 56
internal_count=150 56 94 56
is_linear=0
shrinkage=0.05


Tree=79
num_leaves=6
num_cat=0
split_feature=11 26 18 6 1
split_gain=3.46837 4.27503 1.60848 0.46892 0.681944
threshold=40.500000000000007 3.7500000000000004 4.5000000000000009 3.5000000000000004 10.500000000000002
decision_type=2 2 2 2 2
left_child=1 2 3 4 -1
right_child=-2 -3 -4 -5 -6
leaf_value=0.0055779317533597352 -0.014375066309649912 0.024418324492871762 0.011155530313650769 -0.0092114972070820866 -0.007178899091245099
leaf_weight=20 36 20 21 31 22
leaf_count=20 36 20 21 31 22
internal_value=-0.000845355 0.00342718 -0.00103902 -0.00454704 -0.00110422
internal_weight=150 114 94 73 42
internal_count=150 114 94 73 42
is_linear=0
shrinkage=0.05


Tree=80
num_leaves=5
num_cat=0
split_feature=27 26 20 25
split_gain=2.80826 4.83577 1.28809 0.887263
threshold=3.8499999046325688 3.6785713434219365 2.5000000000000004 3.3571429252624516
decision_type=2 2 2 2
left_child=1 2 -1 -4
right_child=-2 -3 3 -5
leaf_value=0.0068396959585161551 -0.013588707980055077 0.025169478470216628 0.0011373983936444406 -0.010924611179701364
leaf_weight=39 26 23 31 30
leaf_count=39 26 23 31 30
internal_value=0.00134135 0.00449729 -0.000257308 -0.00479474
internal_weight=149 123 100 61
internal_count=149 123 100 61
is_linear=0
shrinkage=0.05


Tree=81
num_leaves=6
num_cat=0
split_feature=28 3 18 26 28
split_gain=2.98099 2.10146 4.95088 1.91276 0.921504
threshold=2.5000000000000004 5.2500000000000009 4.5000000000000009 3.5357142686843877 -1.0000000180025095e-35
decision_type=2 2 2 2 2
left_child=1 2 3 4 -1
right_child=-2 -3 -4 -5 -6
leaf_value=-0.0082747623989624635 0.017827336014369907 -0.015412014164030553 0.020666905604302885 -0.017394115881655705 0.0049738076488886566
leaf_weight=21 23 23 25 22 35
leaf_count=21 23 23 25 22 35
internal_value=0.00127428 -0.00174731 0.00130403 -0.00490202 5.59388e-06
internal_weight=149 126 103 78 56
internal_count=149 126 103 78 56
is_linear=0
shrinkage=0.05


Tree=82
num_leaves=6
num_cat=0
split_feature=28 11 18 26 28
split_gain=2.69034 2.18261 3.45876 0.817515 0.417296
threshold=2.5000000000000004 40.500000000000007 4.5000000000000009 3.4642857313156132 -1.0000000180025095e-35
decision_type=2 2 2 2 2
left_child=1 2 3 4 -1
right_child=-2 -3 -4 -5 -6
leaf_value=-0.0052943362954205701 0.016935968368678635 -0.013431864660233259 0.018457006011158229 -0.011492658578473229 0.0039604967203119706
leaf_weight=21 23 30 24 22 29
leaf_count=21 23 30 24 22 29
internal_value=0.00121057 -0.00165994 0.00201878 -0.00346063 7.34669e-05
internal_weight=149 126 96 72 50
internal_count=149 126 96 72 50
is_linear=0
shrinkage=0.05


Tree=83
num_leaves=6
num_cat=0
split_feature=11 18 28 28 3
split_gain=2.63875 3.49478 3.87153 2.03239 1.70263
threshold=7.5000000000000009 2.5000000000000004 -1.0000000180025095e-35 1.5000000000000002 3.2500000000000004
decision_type=2 2 2 2 2
left_child=-1 3 4 -2 -3
right_child=1 2 -4 -5 -6
leaf_value=0.017137032983803445 -0.0024199479392596653 0.0031471610621169759 0.016365043602481085 -0.024417749940905543 -0.01583558978690278
leaf_weight=22 21 27 37 21 21
leaf_count=22 21 27 37 21 21
internal_value=0.00115004 -0.00161936 0.00421097 -0.0134188 -0.00515779
internal_weight=149 127 85 42 48
internal_count=149 127 85 42 48
is_linear=0
shrinkage=0.05


Tree=84
num_leaves=6
num_cat=0
split_feature=28 3 14 26 20
split_gain=2.49549 1.74319 1.88158 1.83312 0.230134
threshold=2.5000000000000004 5.2500000000000009 -0.70581671595573414 3.4642857313156132 2.5000000000000004
decision_type=2 2 2 2 2
left_child=1 2 -1 4 -4
right_child=-2 -3 3 -5 -6
leaf_value=0.014074143115431072 0.01623776812313894 -0.014117536631048375 0.0070599307508572287 -0.012222180919100841 0.00030994268932512834
leaf_weight=22 23 23 23 30 28
leaf_count=22 23 23 23 30 28
internal_value=0.00109254 -0.00167207 0.00110701 -0.00241492 0.00335405
internal_weight=149 126 103 81 51
internal_count=149 126 103 81 51
is_linear=0
shrinkage=0.05


Tree=85
num_leaves=6
num_cat=0
split_feature=28 27 18 27 23
split_gain=4.27612 2.37448 1.77385 0.806844 0.259605
threshold=2.5000000000000004 3.8499999046325688 4.5000000000000009 3.3499999046325688 2.5000000000000004
decision_type=2 2 2 2 2
left_child=1 2 3 4 -1
right_child=-2 -3 -4 -5 -6
leaf_value=-0.0035304571346690262 0.02164047533380134 -0.017645624426024204 0.010484555688115859 -0.010263743503661507 0.0036809391738363327
leaf_weight=24 21 22 31 29 26
leaf_count=24 21 22 31 29 26
internal_value=0.00068361 -0.00265044 0.000348601 -0.0036288 0.000219469
internal_weight=153 132 110 79 50
internal_count=153 132 110 79 50
is_linear=0
shrinkage=0.05


Tree=86
num_leaves=6
num_cat=0
split_feature=28 27 18 1 23
split_gain=3.85919 2.14296 1.6009 0.740587 0.295662
threshold=2.5000000000000004 3.8499999046325688 4.5000000000000009 13.500000000000002 2.5000000000000004
decision_type=2 2 2 2 2
left_child=1 2 3 4 -1
right_child=-2 -3 -4 -5 -6
leaf_value=-0.0033832896500825883 0.020558450388766469 -0.01676334309476343 0.0099603277781317306 -0.0090167952047469201 0.0047244368475335453
leaf_weight=22 21 22 31 34 23
leaf_count=22 21 22 31 34 23
internal_value=0.000649429 -0.00251791 0.000331171 -0.00344736 0.000760659
internal_weight=153 132 110 79 45
internal_count=153 132 110 79 45
is_linear=0
shrinkage=0.05


Tree=87
num_leaves=6
num_cat=0
split_feature=28 27 11 27 11
split_gain=3.48292 1.93403 1.4007 1.82625 0.370829
threshold=2.5000000000000004 3.8499999046325688 36.500000000000007 3.4166667461395268 13.500000000000002
decision_type=2 2 2 2 2
left_child=1 2 3 4 -1
right_child=-2 -3 -4 -5 -6
leaf_value=0.005800404937730895 0.019530527754908517 -0.015925176128406417 0.010718270252458752 -0.0159577101492323 -0.0018633191945570473
leaf_weight=27 21 22 25 20 38
leaf_count=27 21 22 25 20 38
internal_value=0.000616958 -0.00239202 0.000314612 -0.00274529 0.00132007
internal_weight=153 132 110 85 65
internal_count=153 132 110 85 65
is_linear=0
shrinkage=0.05


Tree=88
num_leaves=7
num_cat=0
split_feature=28 28 18 26 4 21
split_gain=3.14334 1.87923 3.11204 1.92741 0.630579 0.11501
threshold=2.5000000000000004 -2.4999999999999996 3.5000000000000004 3.4642857313156132 1.0000000180025095e-35 3.5000000000000004
decision_type=2 2 2 2 2 2
left_child=1 -1 3 5 -4 -3
right_child=-2 2 4 -5 -6 -7
leaf_value=-0.014614692300558091 0.018554002543290458 -0.0027964026830159128 0.0042928221502474377 -0.018540523209693759 0.016156814747955651 0.0025657423061784361
leaf_weight=25 21 20 21 22 24 20
leaf_count=25 21 20 21 22 24 20
internal_value=0.00058611 -0.00227242 0.000611291 -0.0066533 0.0106203 -0.00011533
internal_weight=153 132 107 62 45 40
internal_count=153 132 107 62 45 40
is_linear=0
shrinkage=0.05


Tree=89
num_leaves=5
num_cat=0
split_feature=11 18 28 28
split_gain=3.06435 2.56807 4.2887 1.37724
threshold=7.5000000000000009 2.5000000000000004 -2.4999999999999996 -1.0000000180025095e-35
decision_type=2 2 2 2
left_child=-1 -2 -3 -4
right_child=1 2 3 -5
leaf_value=0.017823838256299497 -0.01309526397052627 -0.017041438580913979 0.00062441357586067174 0.014702957230742629
leaf_weight=22 39 22 32 38
leaf_count=22 39 22 32 38
internal_value=0.000556805 -0.002343 0.00221502 0.00826705
internal_weight=153 131 92 70
internal_count=153 131 92 70
is_linear=0
shrinkage=0.05


Tree=90
num_leaves=6
num_cat=0
split_feature=28 18 28 26 18
split_gain=3.62313 4.76931 5.26109 0.835749 0.395451
threshold=-2.4999999999999996 1.5000000000000002 1.5000000000000002 3.5357142686843877 3.5000000000000004
decision_type=2 2 2 2 2
left_child=-1 -2 3 4 -3
right_child=1 2 -4 -5 -6
leaf_value=-0.019242089411074467 -0.017016699500381947 -0.00036724049207423966 0.024610659316174628 -0.0082903540737572171 0.0080847618584521108
leaf_weight=22 25 31 31 21 25
leaf_count=22 25 31 31 21 25
internal_value=-0.000446296 0.00266278 0.00721822 0.000216067 0.00340597
internal_weight=155 133 108 77 56
internal_count=155 133 108 77 56
is_linear=0
shrinkage=0.05


Tree=91
num_leaves=6
num_cat=0
split_feature=21 26 25 25 14
split_gain=3.32982 4.98616 0.884822 1.0651 0.265751
threshold=4.5000000000000009 3.7500000000000004 3.6428570747375493 3.2142857313156132 0.17992616817355159
decision_type=2 2 2 2 2
left_child=1 2 3 4 -1
right_child=-2 -3 -4 -5 -6
leaf_value=0.00020686719100922345 -0.014249066592824154 0.024991882304576312 -0.0090430077855233795 0.0083698404690949243 -0.0079440637864172468
leaf_weight=20 34 22 27 32 20
leaf_count=20 34 22 27 32 20
internal_value=-0.000423981 0.00346075 -0.00132394 0.00157071 -0.0038686
internal_weight=155 121 99 72 40
internal_count=155 121 99 72 40
is_linear=0
shrinkage=0.05


Tree=92
num_leaves=6
num_cat=0
split_feature=28 18 28 26 18
split_gain=3.32257 4.21927 4.66604 0.825833 0.344093
threshold=-2.4999999999999996 1.5000000000000002 1.5000000000000002 3.5357142686843877 3.5000000000000004
decision_type=2 2 2 2 2
left_child=-1 -2 3 4 -3
right_child=1 2 -4 -5 -6
leaf_value=-0.018402073058215056 -0.015935388259589674 -8.3785393695917838e-05 0.023238606705901124 -0.0081908412011606358 0.0078002923987805844
leaf_weight=22 25 31 31 21 25
leaf_count=22 25 31 31 21 25
internal_value=-0.000402782 0.00257454 0.00685925 0.000264965 0.00343589
internal_weight=155 133 108 77 56
internal_count=155 133 108 77 56
is_linear=0
shrinkage=0.05


Tree=93
num_leaves=6
num_cat=0
split_feature=27 26 20 19 27
split_gain=3.20731 4.00132 0.917024 0.911618 1.32548
threshold=3.8499999046325688 3.6785713434219365 2.5000000000000004 2.5000000000000004 3.2500000000000004
decision_type=2 2 2 2 2
left_child=1 2 -1 -4 -5
right_child=-2 -3 3 4 -6
leaf_value=0.0050084776906786782 -0.015700470755941102 0.02186671802369149 0.0025469458303772488 -0.018581145583884792 -0.00037754125893116
leaf_weight=38 28 23 26 20 20
leaf_count=38 28 23 26 20 20
internal_value=-0.000382643 0.00299452 -0.00117914 -0.00474171 -0.00947934
internal_weight=155 127 104 66 40
internal_count=155 127 104 66 40
is_linear=0
shrinkage=0.05


Tree=94
num_leaves=6
num_cat=0
split_feature=28 18 15 1 25
split_gain=2.99748 4.00008 5.01071 2.06217 1.19546
threshold=-2.4999999999999996 3.5000000000000004 0.61559370160102855 12.500000000000002 3.5000000000000004
decision_type=2 2 2 2 2
left_child=-1 2 4 -3 -2
right_child=1 3 -4 -5 -6
leaf_value=-0.017459613372656432 -0.0058551755209919065 0.02544669708321718 0.013128967917171018 0.0042536135025632886 -0.020289277145639065
leaf_weight=22 32 22 29 24 26
leaf_count=22 32 22 29 24 26
internal_value=-0.000363511 0.00246442 -0.00384077 0.0143894 -0.0123256
internal_weight=155 133 87 46 58
internal_count=155 133 87 46 58
is_linear=0
shrinkage=0.05


Tree=95
num_leaves=6
num_cat=0
split_feature=9 9 19 13 15
split_gain=2.8997 4.75594 1.12263 1.87795 1.05428
threshold=20.500000000000004 25.500000000000004 3.5000000000000004 0.25000000000000011 -0.17992616817355153
decision_type=2 2 2 2 2
left_child=2 -2 3 -1 -4
right_child=1 -3 4 -5 -6
leaf_value=-0.011304062968966636 0.023495051437722788 -0.0079822653283675507 -0.0035228993489661003 0.007797011895285498 -0.019384508524090054
leaf_weight=22 28 21 22 31 20
leaf_count=22 28 21 22 31 20
internal_value=0.000125402 0.0100048 -0.00497027 -0.000131736 -0.011076
internal_weight=144 49 95 53 42
internal_count=144 49 95 53 42
is_linear=0
shrinkage=0.05


Tree=96
num_leaves=6
num_cat=0
split_feature=25 25 25 9 27
split_gain=4.22948 0.957365 0.88925 0.613469 0.326166
threshold=4.0714285373687753 3.2142857313156132 3.5000000000000004 13.500000000000002 3.4166667461395268
decision_type=2 2 2 2 2
left_child=1 3 -3 -1 -4
right_child=-2 2 4 -5 -6
leaf_value=-0.014089497848181054 0.020298192175951871 0.0078586289361119287 7.9221278429031383e-05 -0.0032278739166660951 -0.0084533616545654482
leaf_weight=26 22 25 24 26 21
leaf_count=26 22 25 24 26 21
internal_value=0.000119132 -0.00351971 0.000297806 -0.00865869 -0.00390265
internal_weight=144 122 70 52 45
internal_count=144 122 70 52 45
is_linear=0
shrinkage=0.05


Tree=97
num_leaves=6
num_cat=0
split_feature=25 25 25 9 27
split_gain=3.81711 0.864022 0.802548 0.553656 0.294365
threshold=4.0714285373687753 3.2142857313156132 3.5000000000000004 13.500000000000002 3.4166667461395268
decision_type=2 2 2 2 2
left_child=1 3 -3 -1 -4
right_child=-2 2 4 -5 -6
leaf_value=-0.013385023192789121 0.019283281977881084 0.007465697098523379 7.5260119047015905e-05 -0.0030664804248282545 -0.0080306935257145346
leaf_weight=26 22 25 24 26 21
leaf_count=26 22 25 24 26 21
internal_value=0.000113175 -0.00334373 0.000282916 -0.00822575 -0.00370752
internal_weight=144 122 70 52 45
internal_count=144 122 70 52 45
is_linear=0
shrinkage=0.05


Tree=98
num_leaves=6
num_cat=0
split_feature=25 25 25 3 1
split_gain=3.44494 0.77978 0.724299 0.643119 0.28188
threshold=4.0714285373687753 3.2142857313156132 3.5000000000000004 2.2500000000000004 13.500000000000002
decision_type=2 2 2 2 2
left_child=1 3 -3 -1 -4
right_child=-2 2 4 -5 -6
leaf_value=-0.0015706613285305059 0.018319117548790845 0.0070924123786389841 -0.0075683493421159001 -0.012766445720375615 0.00034814293941725857
leaf_weight=23 22 25 22 29 23
leaf_count=23 22 25 22 29 23
internal_value=0.000107516 -0.00317654 0.00026877 -0.00781446 -0.00352214
internal_weight=144 122 70 52 45
internal_count=144 122 70 52 45
is_linear=0
shrinkage=0.05


Tree=99
num_leaves=6
num_cat=0
split_feature=25 18 28 11 6
split_gain=3.10906 0.748668 0.945977 1.05561 0.221151
threshold=4.0714285373687753 1.5000000000000002 -1.4999999999999998 32.500000000000007 3.5000000000000004
decision_type=2 2 2 2 2
left_child=1 -1 -3 4 -4
right_child=-2 2 3 -5 -6
leaf_value=-0.011143934455416773 0.017403161627325147 -0.0078876773816506009 0.0012928959308192134 0.010733269197711101 -0.0060536266149332132
leaf_weight=23 22 34 20 24 21
leaf_count=23 22 34 20 24 21
internal_value=0.000102141 -0.00301772 -0.00112981 0.00240508 -0.00246996
internal_weight=144 122 99 65 41
internal_count=144 122 99 65 41
is_linear=0
shrinkage=0.05


Tree=100
num_leaves=6
num_cat=0
split_feature=28 18 15 28 14
split_gain=3.25871 5.04238 3.08698 1.01572 0.780703
threshold=-1.4999999999999998 3.5000000000000004 0.61559370160102855 1.5000000000000002 0.17992616817355159
decision_type=2 2 2 2 2
left_child=4 2 3 -2 -1
right_child=1 -3 -4 -5 -6
leaf_value=-0.017215942421361156 -0.0030956562796247106 0.020616626905070413 0.011844480427464953 -0.017143263148715383 -0.0040411414917219772
leaf_weight=23 31 36 27 22 22
leaf_count=23 31 36 27 22 22
internal_value=0.000646029 0.00507657 -0.00191645 -0.00892674 -0.0107749
internal_weight=161 116 80 53 45
internal_count=161 116 80 53 45
is_linear=0
shrinkage=0.05


Tree=101
num_leaves=6
num_cat=0
split_feature=28 26 28 15 14
split_gain=2.94098 5.43396 2.12623 0.736515 0.629853
threshold=-1.4999999999999998 3.7500000000000004 1.5000000000000002 0.17992616817355159 0.51639395952224743
decision_type=2 2 2 2 2
left_child=3 2 4 -1 -2
right_child=1 -3 -4 -5 -6
leaf_value=-0.0033978425498519629 0.0085076849062093781 0.026010618294822055 -0.011907989846478249 -0.016219729247192543 -0.0017110755518078805
leaf_weight=21 38 24 29 24 25
leaf_count=21 38 24 29 24 25
internal_value=0.000613727 0.00482274 -0.000704528 -0.0102362 0.00445262
internal_weight=161 116 92 45 63
internal_count=161 116 92 45 63
is_linear=0
shrinkage=0.05


Tree=102
num_leaves=6
num_cat=0
split_feature=28 26 28 14 14
split_gain=2.65424 4.90415 1.91892 0.699885 0.568443
threshold=-1.4999999999999998 3.7500000000000004 1.5000000000000002 0.17992616817355159 0.51639395952224743
decision_type=2 2 2 2 2
left_child=3 2 4 -1 -2
right_child=1 -3 -4 -5 -6
leaf_value=-0.015822895213394708 0.0080823006711924755 0.024710087986507766 -0.011312590313047686 -0.0033486453054303472 -0.0016255218386650085
leaf_weight=23 38 24 29 22 25
leaf_count=23 38 24 29 22 25
internal_value=0.000583041 0.00458161 -0.000669302 -0.00972437 0.00422999
internal_weight=161 116 92 45 63
internal_count=161 116 92 45 63
is_linear=0
shrinkage=0.05


Tree=103
num_leaves=6
num_cat=0
split_feature=28 18 15 15 28
split_gain=2.42752 6.21699 3.35382 0.967734 0.742825
threshold=-1.0000000180025095e-35 3.5000000000000004 0.51639395952224743 0.17992616817355159 1.5000000000000002
decision_type=2 2 2 2 2
left_child=3 2 4 -1 -2
right_child=1 -3 -4 -5 -6
leaf_value=-0.00078898168438555388 -0.002972089103423059 0.029855952713461149 0.013767367944819853 -0.012400340409401585 -0.015965312843168666
leaf_weight=38 22 21 24 34 22
leaf_count=38 22 21 24 34 22
internal_value=0.000553889 0.00607606 -0.00126774 -0.00627212 -0.0094687
internal_weight=161 89 68 72 44
internal_count=161 89 68 72 44
is_linear=0
shrinkage=0.05


Tree=104
num_leaves=5
num_cat=0
split_feature=26 1 3 21
split_gain=2.25308 0.968107 0.968539 0.648991
threshold=3.7500000000000004 11.500000000000002 2.2500000000000004 3.5000000000000004
decision_type=2 2 2 2
left_child=1 2 -1 -3
right_child=-2 3 -4 -5
leaf_value=-0.00078755011358721703 0.011957804851151783 -0.0024118039420702392 -0.012995794808375649 0.0079550559229504044
leaf_weight=33 34 36 32 26
leaf_count=33 34 36 32 26
internal_value=0.000526194 -0.00253424 -0.00679776 0.00193559
internal_weight=161 127 65 62
internal_count=161 127 65 62
is_linear=0
shrinkage=0.05


Tree=105
num_leaves=5
num_cat=0
split_feature=18 25 1 4
split_gain=3.5249 2.8748 0.652382 0.609232
threshold=4.5000000000000009 3.7857142686843877 13.500000000000002 1.0000000180025095e-35
decision_type=2 2 2 2
left_child=1 2 3 -1
right_child=-2 -3 -4 -5
leaf_value=-0.0030033800153372193 0.012761596045960244 -0.02079335078597069 -0.0068978106888431708 0.0070732571789994848
leaf_weight=30 37 23 31 30
leaf_count=30 37 23 31 30
internal_value=-0.000647707 -0.00499985 -0.00100809 0.00203494
internal_weight=151 114 91 60
internal_count=151 114 91 60
is_linear=0
shrinkage=0.05


Tree=106
num_leaves=6
num_cat=0
split_feature=18 25 15 26 6
split_gain=3.18122 2.59451 0.768258 1.27638 0.315387
threshold=4.5000000000000009 3.7857142686843877 -0.060268338769674384 3.1785713434219365 3.5000000000000004
decision_type=2 2 2 2 2
left_child=1 2 4 -4 -1
right_child=-2 -3 3 -5 -6
leaf_value=-0.0017514247646821396 0.012123516292588132 -0.019753683274409371 0.010283686142481333 -0.0058099740449423821 -0.010524644289980643
leaf_weight=21 37 23 28 22 20
leaf_count=21 37 23 28 22 20
internal_value=-0.000615322 -0.00474986 -0.000957682 0.00320248 -0.00603104
internal_weight=151 114 91 50 41
internal_count=151 114 91 50 41
is_linear=0
shrinkage=0.05


Tree=107
num_leaves=6
num_cat=0
split_feature=18 26 11 28 28
split_gain=2.87105 2.43274 1.00703 0.771048 0.262941
threshold=4.5000000000000009 3.6785713434219365 36.500000000000007 1.5000000000000002 -1.0000000180025095e-35
decision_type=2 2 2 2 2
left_child=1 2 3 4 -1
right_child=-2 -3 -4 -5 -6
leaf_value=-0.0035193376969546082 0.011517340126069817 -0.01944883706640791 0.0081200044166863626 -0.011198271046547841 0.0041723354719579225
leaf_weight=25 37 22 23 24 20
leaf_count=25 37 22 23 24 20
internal_value=-0.000584556 -0.00451236 -0.000940599 -0.0039608 -0.000100816
internal_weight=151 114 92 69 45
internal_count=151 114 92 69 45
is_linear=0
shrinkage=0.05


Tree=108
num_leaves=6
num_cat=0
split_feature=18 25 15 26 16
split_gain=2.59112 2.21732 0.660439 1.11546 0.285823
threshold=4.5000000000000009 3.7857142686843877 -0.060268338769674384 3.1785713434219365 -1.0000000180025095e-35
decision_type=2 2 2 2 2
left_child=1 2 4 -4 -1
right_child=-2 -3 3 -5 -6
leaf_value=-0.0097627590131014602 0.010941473682838921 -0.01815712548306455 0.0096959403061191562 -0.0053490198492495856 -0.0014108527762194476
leaf_weight=20 37 23 28 22 21
leaf_count=20 37 23 28 22 21
internal_value=-0.000555328 -0.00428675 -0.000781046 0.00307616 -0.00548495
internal_weight=151 114 91 50 41
internal_count=151 114 91 50 41
is_linear=0
shrinkage=0.05


Tree=109
num_leaves=6
num_cat=0
split_feature=18 26 27 28 28
split_gain=2.33849 2.06607 0.785351 1.00846 0.355754
threshold=4.5000000000000009 3.6785713434219365 3.5499999523162846 1.5000000000000002 -1.0000000180025095e-35
decision_type=2 2 2 2 2
left_child=1 2 3 4 -1
right_child=-2 -3 -4 -5 -6
leaf_value=-0.0036721775731579824 0.010394400200567436 -0.01783731191165068 0.0077134950929099617 -0.011632197001017631 0.0050457385750487449
leaf_weight=22 37 22 21 24 25
leaf_count=22 37 22 21 24 25
internal_value=-0.000527562 -0.00407241 -0.000780802 -0.0032932 0.000965012
internal_weight=151 114 92 71 47
internal_count=151 114 92 71 47
is_linear=0
shrinkage=0.05


Tree=110
num_leaves=5
num_cat=0
split_feature=21 25 20 25
split_gain=2.86325 2.80521 0.616658 0.650113
threshold=4.5000000000000009 3.7857142686843877 3.5000000000000004 3.2142857313156132
decision_type=2 2 2 2
left_child=1 2 3 -1
right_child=-2 -3 -4 -5
leaf_value=-0.0018142071733665136 -0.01212251070088574 0.016077173272413866 -0.0061594460348715074 0.0088096748591245458
leaf_weight=36 35 35 32 24
leaf_count=36 35 35 32 24
internal_value=0.000539702 0.00402929 -0.000554147 0.00243535
internal_weight=162 127 92 60
internal_count=162 127 92 60
is_linear=0
shrinkage=0.05


Tree=111
num_leaves=6
num_cat=0
split_feature=21 26 27 25 22
split_gain=2.58408 7.60295 0.813074 0.91159 0.923901
threshold=4.5000000000000009 3.7500000000000004 3.5499999523162846 3.6428570747375493 2.5000000000000004
decision_type=2 2 2 2 2
left_child=1 2 3 4 -1
right_child=-2 -3 -4 -5 -6
leaf_value=0.0051284686157790325 -0.011516384990952378 0.032124544940888886 0.0055214871900777021 -0.013065846849765098 -0.0077489701529534971
leaf_weight=30 35 20 30 21 26
leaf_count=30 35 20 30 21 26
internal_value=0.000512717 0.00382782 -0.00146128 -0.00418184 -0.000850342
internal_weight=162 127 107 77 56
internal_count=162 127 107 77 56
is_linear=0
shrinkage=0.05


Tree=112
num_leaves=6
num_cat=0
split_feature=28 1 27 23 15
split_gain=2.39741 2.56532 4.87305 1.00498 0.468448
threshold=-2.4999999999999996 12.500000000000002 3.4500000476837163 3.5000000000000004 -0.060268338769674384
decision_type=2 2 2 2 2
left_child=-1 2 4 -3 -2
right_child=1 3 -4 -5 -6
leaf_value=-0.014465870951180874 -0.0043313141956570602 -0.0091238781152731888 0.030601270394399763 0.0029371697260367293 0.0055476176743728244
leaf_weight=23 21 39 20 31 28
leaf_count=23 21 39 20 31 28
internal_value=0.000487081 0.00296131 0.00980291 -0.00378256 0.00131379
internal_weight=162 139 69 70 49
internal_count=162 139 69 70 49
is_linear=0
shrinkage=0.05


Tree=113
num_leaves=6
num_cat=0
split_feature=21 26 25 25 22
split_gain=2.31173 6.90723 0.728031 0.601437 0.75662
threshold=4.5000000000000009 3.7500000000000004 3.6428570747375493 3.3571429252624516 2.5000000000000004
decision_type=2 2 2 2 2
left_child=1 2 3 4 -1
right_child=-2 -3 -4 -5 -6
leaf_value=0.0044593849810413448 -0.010914828744716942 0.03056926103308797 -0.0083707092379752025 0.0078197519132948441 -0.0071940977165165058
leaf_weight=26 35 20 28 23 30
leaf_count=26 35 20 28 23 30
internal_value=0.000462727 0.00359827 -0.00144303 0.00101235 -0.00178355
internal_weight=162 127 107 79 56
internal_count=162 127 107 79 56
is_linear=0
shrinkage=0.05


Tree=114
num_leaves=7
num_cat=0
split_feature=28 1 26 15 26 13
split_gain=2.21061 2.37268 3.29393 1.37609 0.92478 0.189693
threshold=-2.4999999999999996 12.500000000000002 3.3928571939468388 -0.060268338769674384 3.6785713434219365 -0.25000000000000006
decision_type=2 2 2 2 2 2
left_child=-1 2 3 -2 5 -3
right_child=1 4 -4 -5 -6 -7
leaf_value=-0.013919000829691473 -0.0072595509434384966 0.0037361694669181648 0.026494760145433251 0.0096722492624581134 -0.011885576162730224 -0.0026297772447578614
leaf_weight=23 21 22 20 28 23 25
leaf_count=23 21 22 20 28 23 25
internal_value=0.00043959 0.00281547 0.00939518 0.00241576 -0.00367024 0.000350028
internal_weight=162 139 69 49 70 47
internal_count=162 139 69 49 70 47
is_linear=0
shrinkage=0.05


Tree=115
num_leaves=6
num_cat=0
split_feature=26 28 26 11 6
split_gain=2.78305 1.91706 2.13847 1.14693 0.906734
threshold=3.9642857313156132 -1.4999999999999998 3.5357142686843877 38.500000000000007 4.5000000000000009
decision_type=2 2 2 2 2
left_child=1 -1 3 4 -3
right_child=-2 2 -4 -5 -6
leaf_value=-0.009059704080103868 -0.017826365431149804 0.0026931601302588688 0.01935106281723295 0.011048800091851843 -0.010334102462299845
leaf_weight=31 21 34 21 22 22
leaf_count=31 21 34 21 22 22
internal_value=-0.00093736 0.00179086 0.00518852 0.00137552 -0.00242469
internal_weight=151 130 99 78 56
internal_count=151 130 99 78 56
is_linear=0
shrinkage=0.05


Tree=116
num_leaves=6
num_cat=0
split_feature=26 28 18 28 27
split_gain=2.5117 1.78812 2.92597 0.602803 0.16745
threshold=3.9642857313156132 1.0000000180025095e-35 1.5000000000000002 -1.4999999999999998 3.3499999046325688
decision_type=2 2 2 2 2
left_child=1 3 -3 -1 -5
right_child=-2 2 -4 4 -6
leaf_value=-0.00860671902435922 -0.016935047081538611 -0.0065170629927888517 0.017584628083482934 -0.0026642884707226504 0.0034373135779194697
leaf_weight=31 21 20 34 22 23
leaf_count=31 21 20 34 22 23
internal_value=-0.000890492 0.00170132 0.00865808 -0.00324164 0.000454308
internal_weight=151 130 54 76 45
internal_count=151 130 54 76 45
is_linear=0
shrinkage=0.05


Tree=117
num_leaves=6
num_cat=0
split_feature=28 18 28 27 11
split_gain=2.30382 2.23626 2.10151 0.491967 0.244659
threshold=-2.4999999999999996 1.5000000000000002 1.5000000000000002 3.216666698455811 27.500000000000004
decision_type=2 2 2 2 2
left_child=-1 -2 3 -3 -5
right_child=1 2 -4 4 -6
leaf_value=-0.016212227674467224 -0.011803260171785951 0.0062539034212629012 0.017166297635636651 -0.005916132277849576 0.00098927971055923886
leaf_weight=21 25 27 26 23 29
leaf_count=21 25 27 26 23 29
internal_value=-0.000845967 0.00163627 0.00483616 0.000778145 -0.00206504
internal_weight=151 130 105 79 52
internal_count=151 130 105 79 52
is_linear=0
shrinkage=0.05


Tree=118
num_leaves=6
num_cat=0
split_feature=26 26 28 11 6
split_gain=2.24866 1.70161 0.501691 0.947415 0.717814
threshold=3.9642857313156132 3.6071428060531621 -1.4999999999999998 38.500000000000007 4.5000000000000009
decision_type=2 2 2 2 2
left_child=1 2 -1 4 -4
right_child=-2 -3 3 -5 -6
leaf_value=-0.0068599091090548502 -0.015984862634823436 0.0150642649049405 0.0020565154810752483 0.010002355708274992 -0.0090806739549051316
leaf_weight=26 21 20 39 22 23
leaf_count=26 21 20 39 22 23
internal_value=-0.000803669 0.00164868 -0.00079052 0.0010881 -0.00207502
internal_weight=151 130 110 84 62
internal_count=151 130 110 84 62
is_linear=0
shrinkage=0.05


Tree=119
num_leaves=6
num_cat=0
split_feature=26 26 5 16 1
split_gain=2.02942 1.5357 0.836264 0.736036 1.28421
threshold=3.9642857313156132 3.6071428060531621 1.5000000000000002 1.0000000180025095e-35 10.500000000000002
decision_type=2 2 2 2 2
left_child=1 2 -1 4 -4
right_child=-2 -3 3 -5 -6
leaf_value=0.0082239297096661865 -0.015185619216589702 0.014311051364056766 -0.014833965923637152 0.0027792317885905506 0.00062979901337931903
leaf_weight=21 21 20 25 35 29
leaf_count=21 21 20 25 35 29
internal_value=-0.000763486 0.00156624 -0.000750994 -0.00286867 -0.00652935
internal_weight=151 130 110 89 54
internal_count=151 130 110 89 54
is_linear=0
shrinkage=0.05


Tree=120
num_leaves=5
num_cat=0
split_feature=28 26 13 15
split_gain=2.33914 3.17103 1.11614 0.728448
threshold=-1.0000000180025095e-35 3.6071428060531621 0.25000000000000011 0.17992616817355159
decision_type=2 2 2 2
left_child=3 2 -2 -1
right_child=1 -3 -4 -5
leaf_value=-0.00062698829477947013 -0.0053889598336911973 0.023807892895170622 0.0079230328930862022 -0.010781278748375674
leaf_weight=38 31 21 32 33
leaf_count=38 31 21 32 33
internal_value=0.00133443 0.00698149 0.00137269 -0.00534659
internal_weight=155 84 63 71
internal_count=155 84 63 71
is_linear=0
shrinkage=0.05


Tree=121
num_leaves=6
num_cat=0
split_feature=28 27 25 9 9
split_gain=2.13379 3.96597 0.708856 0.344072 0.324969
threshold=1.0000000180025095e-35 3.4500000476837163 3.928571462631226 12.500000000000002 23.500000000000004
decision_type=2 2 2 2 2
left_child=2 -2 3 -1 -5
right_child=1 -3 -4 4 -6
leaf_value=-0.005410206202289154 -0.0012451163876559461 0.025562504983761093 -0.011706754127517344 0.0054155043512582783 -0.0029166790900159289
leaf_weight=29 37 22 20 25 22
leaf_count=29 37 22 20 25 22
internal_value=0.00126771 0.00875095 -0.00333136 -0.00112731 0.00151533
internal_weight=155 59 96 76 47
internal_count=155 59 96 76 47
is_linear=0
shrinkage=0.05


Tree=122
num_leaves=5
num_cat=0
split_feature=28 26 20 15
split_gain=1.96357 2.65826 0.910725 0.644386
threshold=-1.0000000180025095e-35 3.6071428060531621 2.5000000000000004 0.17992616817355159
decision_type=2 2 2 2
left_child=3 2 -2 -1
right_child=1 -3 -4 -5
leaf_value=-0.00047795587390857307 0.008654537732014432 0.021784204945323016 -0.0036332016449274595 -0.010028397696177391
leaf_weight=38 25 21 38 33
leaf_count=38 25 21 38 33
internal_value=0.00120433 0.00637822 0.00124289 -0.00491689
internal_weight=155 84 63 71
internal_count=155 84 63 71
is_linear=0
shrinkage=0.05


Tree=123
num_leaves=5
num_cat=0
split_feature=28 27 28 5
split_gain=1.77212 2.54687 1.11972 0.583839
threshold=-1.0000000180025095e-35 3.4500000476837163 1.5000000000000002 2.5000000000000004
decision_type=2 2 2 2
left_child=3 2 -2 -1
right_child=1 -3 -4 -5
leaf_value=0.00033441900159232319 0.0065665788875776347 0.017157708764352721 -0.0081075441271353226 -0.0087780995163111355
leaf_weight=32 26 32 26 39
leaf_count=32 26 32 26 39
internal_value=0.00114411 0.0060593 -0.000770483 -0.00467105
internal_weight=155 84 52 71
internal_count=155 84 52 71
is_linear=0
shrinkage=0.05


Tree=124
num_leaves=6
num_cat=0
split_feature=28 27 25 9 9
split_gain=1.66995 3.1727 0.598181 0.301021 0.329468
threshold=1.0000000180025095e-35 3.4500000476837163 3.928571462631226 12.500000000000002 23.500000000000004
decision_type=2 2 2 2 2
left_child=2 -2 3 -1 -5
right_child=1 -3 -4 4 -6
leaf_value=-0.0049630247409744518 -0.0012336291446715492 0.022743565860119733 -0.0106755338748917 0.0054418523069471123 -0.0029478095609440725
leaf_weight=29 37 22 20 25 22
leaf_count=29 37 22 20 25 22
internal_value=0.0010869 0.00770702 -0.00298171 -0.000957016 0.00151478
internal_weight=155 59 96 76 47
internal_count=155 59 96 76 47
is_linear=0
shrinkage=0.05


Tree=125
num_leaves=6
num_cat=0
split_feature=26 15 13 28 20
split_gain=2.08434 1.91755 4.21491 0.726133 0.282447
threshold=3.9642857313156132 0.70581671595573436 0.25000000000000011 1.5000000000000002 3.5000000000000004
decision_type=2 2 2 2 2
left_child=1 2 3 4 -1
right_child=-2 -3 -4 -5 -6
leaf_value=0.0057856338901509504 -0.015252414273775437 -0.0082621697683911456 0.024329024549065669 -0.0085023983464842402 -0.0017273615939881314
leaf_weight=29 22 37 22 21 22
leaf_count=29 22 37 22 21 22
internal_value=-0.00101166 0.00137992 0.00517521 -0.000677346 0.00254473
internal_weight=153 131 94 72 51
internal_count=153 131 94 72 51
is_linear=0
shrinkage=0.05


Tree=126
num_leaves=6
num_cat=0
split_feature=26 15 13 28 20
split_gain=1.88112 1.73059 3.80396 0.655335 0.254908
threshold=3.9642857313156132 0.70581671595573436 0.25000000000000011 1.5000000000000002 3.5000000000000004
decision_type=2 2 2 2 2
left_child=1 2 3 4 -1
right_child=-2 -3 -4 -5 -6
leaf_value=0.0054963522269551104 -0.014489793225022203 -0.0078490613730045396 0.023112572469240564 -0.0080772783540721451 -0.0016409936657344752
leaf_weight=29 22 37 22 21 22
leaf_count=29 22 37 22 21 22
internal_value=-0.000961076 0.00131092 0.00491645 -0.000643479 0.0024175
internal_weight=153 131 94 72 51
internal_count=153 131 94 72 51
is_linear=0
shrinkage=0.05


Tree=127
num_leaves=6
num_cat=0
split_feature=26 23 25 15 15
split_gain=1.69771 1.60386 3.48132 0.907493 0.705884
threshold=3.9642857313156132 1.5000000000000002 3.2142857313156132 0.17992616817355159 -0.5163939595222472
decision_type=2 2 2 2 2
left_child=1 2 -1 4 -3
right_child=-2 3 -4 -5 -6
leaf_value=-0.0051606362359598278 -0.013765303998000243 -0.003857141207144768 0.024340702174231413 -0.0083194133614214443 0.0076855194351922443
leaf_weight=20 22 27 20 38 26
leaf_count=20 22 27 20 38 26
internal_value=-0.000913022 0.00124538 0.00959003 -0.0024226 0.0018053
internal_weight=153 131 40 91 53
internal_count=153 131 40 91 53
is_linear=0
shrinkage=0.05


Tree=128
num_leaves=6
num_cat=0
split_feature=26 15 13 28 25
split_gain=1.53218 1.45346 3.46902 0.58619 0.242722
threshold=3.9642857313156132 0.70581671595573436 0.25000000000000011 1.5000000000000002 3.2142857313156132
decision_type=2 2 2 2 2
left_child=1 2 3 4 -1
right_child=-2 -3 -4 -5 -6
leaf_value=0.0063672637613490226 -0.013077038636600431 -0.0072114611875165159 0.021863937212302436 -0.0078528577328792638 -0.00069776531158676066
leaf_weight=20 22 37 22 21 31
leaf_count=20 22 37 22 21 31
internal_value=-0.000867371 0.00118311 0.00448735 -0.000822159 0.00207283
internal_weight=153 131 94 72 51
internal_count=153 131 94 72 51
is_linear=0
shrinkage=0.05


Tree=129
num_leaves=6
num_cat=0
split_feature=11 25 18 27 6
split_gain=1.51382 1.91246 0.318618 0.421995 0.340214
threshold=7.5000000000000009 3.928571462631226 3.5000000000000004 3.4166667461395268 2.5000000000000004
decision_type=2 2 2 2 2
left_child=-1 2 4 -4 -2
right_child=1 -3 3 -5 -6
leaf_value=0.010706571148087582 0.0024978192057460548 -0.012946256626663464 0.0087633053073659546 -0.0012718063080683351 -0.0056148338663790914
leaf_weight=24 24 35 22 20 28
leaf_count=24 24 35 22 20 28
internal_value=-0.000824002 -0.00296923 0.000745627 0.00398468 -0.00187053
internal_weight=153 129 94 42 52
internal_count=153 129 94 42 52
is_linear=0
shrinkage=0.05


Tree=130
num_leaves=6
num_cat=0
split_feature=23 26 26 19 14
split_gain=2.14885 3.38959 3.02562 1.23181 0.0550266
threshold=3.5000000000000004 3.6785713434219365 3.4642857313156132 2.5000000000000004 0.61559370160102855
decision_type=2 2 2 2 2
left_child=1 3 -2 -1 -5
right_child=2 -3 -4 4 -6
leaf_value=0.008311271171883813 -0.002530851803960339 -0.021262919232249263 0.022413168922066691 -0.0072169691557064652 -0.0035079730674624447
leaf_weight=28 31 25 20 20 20
leaf_count=28 31 25 20 20 20
internal_value=-0.00099687 -0.00551996 0.00725112 0.000267893 -0.00536247
internal_weight=144 93 51 68 40
internal_count=144 93 51 68 40
is_linear=0
shrinkage=0.05


Tree=131
num_leaves=6
num_cat=0
split_feature=28 18 25 9 25
split_gain=1.94198 4.49188 3.15893 1.48656 1.22498
threshold=-2.4999999999999996 3.5000000000000004 3.5000000000000004 18.500000000000004 2.928571462631226
decision_type=2 2 2 2 2
left_child=-1 2 4 -3 -2
right_child=1 3 -4 -5 -6
leaf_value=-0.014999532947937648 -0.0050964117570615865 0.0052092074672691526 -0.020560273943313709 0.024256266638015708 0.0096573842689394954
leaf_weight=21 34 20 24 21 24
leaf_count=21 34 20 24 21 24
internal_value=-0.000947026 0.00145218 -0.00530424 0.014965 0.00100861
internal_weight=144 123 82 41 58
internal_count=144 123 82 41 58
is_linear=0
shrinkage=0.05


Tree=132
num_leaves=6
num_cat=0
split_feature=23 27 26 20 27
split_gain=1.95716 3.83024 2.97091 1.03982 0.250713
threshold=3.5000000000000004 3.6833333969116215 3.6785713434219365 2.5000000000000004 3.2833333015441899
decision_type=2 2 2 2 2
left_child=2 -2 3 -1 -5
right_child=1 -3 -4 4 -6
leaf_value=0.0075923321984841356 -0.0040342260080750191 0.02403124381788075 -0.019954975411295893 -0.0089291819673962894 -0.0010122183756902815
leaf_weight=28 31 20 25 20 20
leaf_count=28 31 20 25 20 20
internal_value=-0.000899675 0.00697184 -0.00521631 0.000202313 -0.0049707
internal_weight=144 51 93 68 40
internal_count=144 51 93 68 40
is_linear=0
shrinkage=0.05


Tree=133
num_leaves=5
num_cat=0
split_feature=28 18 25 19
split_gain=1.77588 3.74069 2.54589 1.0821
threshold=-1.4999999999999998 3.5000000000000004 3.5000000000000004 3.5000000000000004
decision_type=2 2 2 2
left_child=-1 2 3 -2
right_child=1 -3 -4 -5
leaf_value=-0.010472071721192657 0.0076756728530833224 0.016379481616825092 -0.018119728389534764 -0.0070633514039218429
leaf_weight=36 33 33 22 20
leaf_count=36 33 33 22 20
internal_value=-0.000854691 0.0023511 -0.00382138 0.00211378
internal_weight=144 108 75 53
internal_count=144 108 75 53
is_linear=0
shrinkage=0.05


Tree=134
num_leaves=6
num_cat=0
split_feature=23 27 26 19 14
split_gain=1.73644 3.41919 2.63813 1.08763 0.0484179
threshold=3.5000000000000004 3.6833333969116215 3.6785713434219365 2.5000000000000004 0.61559370160102855
decision_type=2 2 2 2 2
left_child=2 -2 3 -1 -5
right_child=1 -3 -4 4 -6
leaf_value=0.0077862167805765898 -0.0037963114268589589 0.022720460616983476 -0.018766590654850007 -0.0068019396811723719 -0.0033227909903507679
leaf_weight=28 31 20 25 20 20
leaf_count=28 31 20 25 20 20
internal_value=-0.000811957 0.00660242 -0.00487791 0.000228227 -0.00506237
internal_weight=144 51 93 68 40
internal_count=144 51 93 68 40
is_linear=0
shrinkage=0.05


Tree=135
num_leaves=6
num_cat=0
split_feature=6 25 1 23 16
split_gain=2.47777 2.07381 0.711939 0.4318 0.333333
threshold=5.5000000000000009 4.0714285373687753 6.5000000000000009 3.5000000000000004 1.0000000180025095e-35
decision_type=2 2 2 2 2
left_child=1 2 -1 4 -4
right_child=-2 -3 3 -5 -6
leaf_value=0.005475360777096025 0.012805176935552692 -0.018914565443992615 -0.011427871794016525 0.00037699733195560321 -0.0028191256033175665
leaf_weight=28 26 20 22 35 23
leaf_count=28 26 20 22 35 23
internal_value=-0.00126691 -0.00412531 -0.00138656 -0.00378823 -0.00702785
internal_weight=154 128 108 80 45
internal_count=154 128 108 80 45
is_linear=0
shrinkage=0.05


Tree=136
num_leaves=7
num_cat=0
split_feature=6 25 21 23 28 27
split_gain=2.23619 1.87161 0.679538 0.514951 0.389443 0.129278
threshold=5.5000000000000009 4.0714285373687753 2.5000000000000004 3.5000000000000004 -1.0000000180025095e-35 3.3833333253860478
decision_type=2 2 2 2 2 2
left_child=1 2 4 5 -1 -4
right_child=-2 -3 3 -5 -6 -7
leaf_value=-0.0010027964333338398 0.012164917405551444 -0.017968837022781372 -0.005178641413804144 0.00091557534135602154 0.0087461791420355445 -0.010863660848699511
leaf_weight=21 26 20 20 27 20 20
leaf_count=21 26 20 20 27 20 20
internal_value=-0.00120357 -0.00391904 -0.00131723 -0.00441978 0.0037528 -0.00802115
internal_weight=154 128 108 67 41 40
internal_count=154 128 108 67 41 40
is_linear=0
shrinkage=0.05


Tree=137
num_leaves=6
num_cat=0
split_feature=6 25 1 15 15
split_gain=2.01816 1.68913 0.625856 0.390672 0.617787
threshold=5.5000000000000009 4.0714285373687753 6.5000000000000009 0.17992616817355159 -0.70581671595573414
decision_type=2 2 2 2 2
left_child=1 2 -1 4 -4
right_child=-2 -3 3 -5 -6
leaf_value=0.0051823429942097782 0.011556672247556542 -0.017070395201444627 -0.0065397041337564594 -0.0071765284749409674 0.005602224641056224
leaf_weight=28 26 20 20 38 22
leaf_count=28 26 20 20 38 22
internal_value=-0.00114339 -0.00372309 -0.00125137 -0.00350317 -0.000179646
internal_weight=154 128 108 80 42
internal_count=154 128 108 80 42
is_linear=0
shrinkage=0.05


Tree=138
num_leaves=6
num_cat=0
split_feature=6 25 1 4 9
split_gain=1.82139 1.52444 0.564835 0.381328 0.573722
threshold=5.5000000000000009 4.0714285373687753 6.5000000000000009 1.0000000180025095e-35 14.500000000000002
decision_type=2 2 2 2 2
left_child=1 2 -1 -4 -5
right_child=-2 -3 3 4 -6
leaf_value=0.0049232256798339745 0.010978838967947433 -0.016216875165700913 0.00079170121867774108 -0.011628487129928545 -0.0005775222271356894
leaf_weight=28 26 20 33 24 23
leaf_count=28 26 20 33 24 23
internal_value=-0.00108622 -0.00353694 -0.0011888 -0.00332801 -0.00622057
internal_weight=154 128 108 80 47
internal_count=154 128 108 80 47
is_linear=0
shrinkage=0.05


Tree=139
num_leaves=6
num_cat=0
split_feature=11 21 11 9 9
split_gain=1.58792 1.15832 1.17913 0.514113 0.590058
threshold=7.5000000000000009 4.5000000000000009 36.500000000000007 23.500000000000004 12.500000000000002
decision_type=2 2 2 2 2
left_child=-1 2 3 4 -2
right_child=1 -3 -4 -5 -6
leaf_value=0.011745408718429861 -0.0082398230093531314 -0.012294873241680089 0.0063600230955910917 -0.011140626957196566 0.0030912103571204678
leaf_weight=21 20 27 38 21 27
leaf_count=21 20 27 38 21 27
internal_value=-0.00103191 -0.00304938 -0.000694397 -0.00463657 -0.00173051
internal_weight=154 133 106 68 47
internal_count=154 133 106 68 47
is_linear=0
shrinkage=0.05


Tree=140
num_leaves=6
num_cat=0
split_feature=26 1 6 26 13
split_gain=3.44699 0.867701 0.669593 0.543376 0.402783
threshold=3.7500000000000004 10.500000000000002 3.5000000000000004 3.3928571939468388 0.25000000000000011
decision_type=2 2 2 2 2
left_child=1 2 -1 4 -3
right_child=-2 3 -4 -5 -6
leaf_value=-0.0021118985746475328 0.016537209047061026 0.00070586275486719048 -0.013706118995323778 -0.0032963772015324952 0.010498754440119402
leaf_weight=33 33 21 20 29 21
leaf_count=33 33 21 20 29 21
internal_value=0.00217589 -0.00164607 -0.00648708 0.00196763 0.00560231
internal_weight=157 124 53 71 42
internal_count=157 124 53 71 42
is_linear=0
shrinkage=0.05


Tree=141
num_leaves=6
num_cat=0
split_feature=26 1 26 23 3
split_gain=3.11091 0.785443 0.460639 0.456938 0.338598
threshold=3.7500000000000004 4.0000000000000009 3.3928571939468388 2.5000000000000004 2.2500000000000004
decision_type=2 2 2 2 2
left_child=1 -1 3 -3 -5
right_child=-2 2 -4 4 -6
leaf_value=-0.0099027552277497627 0.015710348545601875 0.008916341467937898 -0.004202065382721938 0.0041431189732342635 -0.0046383117788493453
leaf_weight=23 33 21 36 23 21
leaf_count=23 33 21 36 23 21
internal_value=0.0020671 -0.00156377 0.000335208 0.00284816 -4.80184e-05
internal_weight=157 124 101 65 44
internal_count=157 124 101 65 44
is_linear=0
shrinkage=0.05


Tree=142
num_leaves=7
num_cat=0
split_feature=18 26 1 9 26 17
split_gain=2.98442 3.58838 0.614837 0.515897 0.224782 0.0993942
threshold=1.5000000000000002 3.7500000000000004 9.5000000000000018 13.500000000000002 3.1785713434219365 1.0000000180025095e-35
decision_type=2 2 2 2 2 2
left_child=-1 2 4 -4 -2 -5
right_child=1 -3 3 5 -6 -7
leaf_value=-0.01511302141959525 -0.00077800010774462002 0.019997201003134252 0.0096542972140014182 0.0027537584875244651 -0.0081845824565971274 -0.0021164631269956855
leaf_weight=22 21 30 22 20 20 22
leaf_count=22 21 30 22 20 20 22
internal_value=0.00196374 0.00474662 0.000389313 0.00345168 -0.00439097 0.00020269
internal_weight=157 135 105 64 41 42
internal_count=157 135 105 64 41 42
is_linear=0
shrinkage=0.05


Tree=143
num_leaves=6
num_cat=0
split_feature=18 18 15 25 1
split_gain=2.79189 1.66042 2.02586 0.512467 0.223127
threshold=4.5000000000000009 1.5000000000000002 0.61559370160102855 3.7857142686843877 13.500000000000002
decision_type=2 2 2 2 2
left_child=1 -1 3 4 -3
right_child=-2 2 -4 -5 -6
leaf_value=-0.01435737032443285 0.013463415310550959 0.0026506942104209553 0.011645008037642887 -0.010256120118058543 -0.0044704476371407514
leaf_weight=22 39 22 30 22 22
leaf_count=22 39 22 30 22 22
internal_value=0.00186555 -0.00196764 0.000871677 -0.00402529 -0.000909877
internal_weight=157 118 96 66 44
internal_count=157 118 96 66 44
is_linear=0
shrinkage=0.05


Tree=144
num_leaves=6
num_cat=0
split_feature=18 18 15 14 19
split_gain=2.51968 1.49853 1.82834 0.469657 0.349259
threshold=4.5000000000000009 1.5000000000000002 0.61559370160102855 -0.17992616817355153 3.5000000000000004
decision_type=2 2 2 2 2
left_child=1 -1 3 -3 -5
right_child=-2 2 -4 4 -6
leaf_value=-0.013639501914043319 0.012790244205807072 0.0017556278403693189 0.011062758326297627 -0.0022303353104507549 -0.011359732951413291
leaf_weight=22 39 24 30 20 22
leaf_count=22 39 24 30 20 22
internal_value=0.00177228 -0.00186925 0.000828094 -0.00382403 -0.0070124
internal_weight=157 118 96 66 42
internal_count=157 118 96 66 42
is_linear=0
shrinkage=0.05


Tree=145
num_leaves=5
num_cat=0
split_feature=27 26 18 23
split_gain=2.28381 2.67082 0.684814 0.427425
threshold=3.8499999046325688 3.6785713434219365 2.5000000000000004 2.5000000000000004
decision_type=2 2 2 2
left_child=1 2 -1 -4
right_child=-2 -3 3 -5
leaf_value=-0.0060434132839779922 -0.013703927490860225 0.018377091892232949 0.0076302120753098286 -0.0011967942555202171
leaf_weight=39 26 22 24 32
leaf_count=39 26 22 24 32
internal_value=-0.000299801 0.00267889 -0.000956478 0.00258621
internal_weight=143 117 95 56
internal_count=143 117 95 56
is_linear=0
shrinkage=0.05


Tree=146
num_leaves=6
num_cat=0
split_feature=18 27 26 21 9
split_gain=2.09108 1.58051 2.16428 0.441954 0.748469
threshold=1.5000000000000002 3.8499999046325688 3.6785713434219365 2.5000000000000004 16.500000000000004
decision_type=2 2 2 2 2
left_child=-1 2 3 -2 -5
right_child=1 -3 -4 4 -6
leaf_value=-0.013748222240246834 -0.0035238367650890726 -0.010017489703993004 0.019326116095873574 0.010689297532055365 -0.0019329385550615069
leaf_weight=24 30 21 21 23 24
leaf_count=24 30 21 21 23 24
internal_value=-0.000284811 0.0024305 0.00509793 0.00121751 0.0042439
internal_weight=143 119 98 77 47
internal_count=143 119 98 77 47
is_linear=0
shrinkage=0.05


Tree=147
num_leaves=5
num_cat=0
split_feature=27 26 18 23
split_gain=1.89546 2.16203 0.571551 0.37741
threshold=3.8499999046325688 3.6785713434219365 2.5000000000000004 2.5000000000000004
decision_type=2 2 2 2
left_child=1 2 -1 -4
right_child=-2 -3 3 -5
leaf_value=-0.005475013749076961 -0.012481984134333638 0.016567099606618285 0.007148454091899719 -0.0011460482055554166
leaf_weight=39 26 22 24 32
leaf_count=39 26 22 24 32
internal_value=-0.00027057 0.00244308 -0.000827749 0.00240874
internal_weight=143 117 95 56
internal_count=143 117 95 56
is_linear=0
shrinkage=0.05


Tree=148
num_leaves=6
num_cat=0
split_feature=18 6 3 25 22
split_gain=1.80337 1.36203 1.43946 0.805866 0.314713
threshold=1.5000000000000002 3.5000000000000004 3.2500000000000004 3.928571462631226 2.5000000000000004
decision_type=2 2 2 2 2
left_child=-1 3 -3 4 -2
right_child=1 2 -4 -5 -6
leaf_value=-0.012759992121452039 -0.0027403653240374599 0.018313931454692716 1.2613034674099515e-05 -0.0098254670473662299 0.0049413494820085661
leaf_weight=24 24 22 21 22 30
leaf_count=24 24 22 21 22 30
internal_value=-0.000257042 0.00226456 0.00937608 -0.00175906 0.00152725
internal_weight=143 119 43 76 54
internal_count=143 119 43 76 54
is_linear=0
shrinkage=0.05


end of trees

feature_importances:
quantity_used_diff=174
quantity_lag_1=131
quantity_rolling_mean_14=69
quantity_rolling_mean_7=63
quantity_rolling_mean_30=43
week_cos=26
quantity_lag_5=22
day_of_week=21
region=19
day_of_month=18
week_of_year=18
quantity_lag_3=18
week_sin=15
quantity_lag_7=14
quantity_lag_30=14
lead_time_days=9
month_cos=8
quantity_lag_14=7
late_delivery_risk=4
shipping_mode=4
day_of_week_sin=4
day_of_week_cos=3
month_sin=2

parameters:
[boosting: gbdt]
[objective: regression]
[metric: rmse]
[tree_learner: serial]
[device_type: cpu]
[data_sample_strategy: bagging]
[data: ]
[valid: ]
[num_iterations: 500]
[learning_rate: 0.05]
[num_leaves: 31]
[num_threads: 0]
[seed: 42]
[deterministic: 0]
[force_col_wise: 0]
[force_row_wise: 0]
[histogram_pool_size: -1]
[max_depth: -1]
[min_data_in_leaf: 20]
[min_sum_hessian_in_leaf: 0.001]
[bagging_fraction: 0.8]
[pos_bagging_fraction: 1]
[neg_bagging_fraction: 1]
[bagging_freq: 5]
[bagging_seed: 400]
[bagging_by_query: 0]
[feature_fraction: 0.9]
[feature_fraction_bynode: 1]
[feature_fraction_seed: 30056]
[extra_trees: 0]
[extra_seed: 12879]
[early_stopping_round: 0]
[early_stopping_min_delta: 0]
[first_metric_only: 0]
[max_delta_step: 0]
[lambda_l1: 0]
[lambda_l2: 0]
[linear_lambda: 0]
[min_gain_to_split: 0]
[drop_rate: 0.1]
[max_drop: 50]
[skip_drop: 0.5]
[xgboost_dart_mode: 0]
[uniform_drop: 0]
[drop_seed: 17869]
[top_rate: 0.2]
[other_rate: 0.1]
[min_data_per_group: 100]
[max_cat_threshold: 32]
[cat_l2: 10]
[cat_smooth: 10]
[max_cat_to_onehot: 4]
[top_k: 20]
[monotone_constraints: ]
[monotone_constraints_method: basic]
[monotone_penalty: 0]
[feature_contri: ]
[forcedsplits_filename: ]
[refit_decay_rate: 0.9]
[cegb_tradeoff: 1]
[cegb_penalty_split: 0]
[cegb_penalty_feature_lazy: ]
[cegb_penalty_feature_coupled: ]
[path_smooth: 0]
[interaction_constraints: ]
[verbosity: -1]
[saved_feature_importance_type: 0]
[use_quantized_grad: 0]
[num_grad_quant_bins: 4]
[quant_train_renew_leaf: 0]
[stochastic_rounding: 1]
[linear_tree: 0]
[max_bin: 255]
[max_bin_by_feature: ]
[min_data_in_bin: 3]
[bin_construct_sample_cnt: 200000]
[data_random_seed: 175]
[is_enable_sparse: 1]
[enable_bundle: 1]
[use_missing: 1]
[zero_as_missing: 0]
[feature_pre_filter: 1]
[pre_partition: 0]
[two_round: 0]
[header: 0]
[label_column: ]
[weight_column: ]
[group_column: ]
[ignore_column: ]
[categorical_feature: ]
[forcedbins_filename: ]
[precise_float_parser: 0]
[parser_config_file: ]
[objective_seed: 16083]
[num_class: 1]
[is_unbalance: 0]
[scale_pos_weight: 1]
[sigmoid: 1]
[boost_from_average: 1]
[reg_sqrt: 0]
[alpha: 0.9]
[fair_c: 1]
[poisson_max_delta_step: 0.7]
[tweedie_variance_power: 1.5]
[lambdarank_truncation_level: 30]
[lambdarank_norm: 1]
[label_gain: ]
[lambdarank_position_bias_regularization: 0]
[eval_at: ]
[multi_error_top_k: 1]
[auc_mu_weights: ]
[num_machines: 1]
[local_listen_port: 12400]
[time_out: 120]
[machine_list_filename: ]
[machines: ]
[gpu_platform_id: -1]
[gpu_device_id: -1]
[gpu_use_dp: 0]
[num_gpu: 1]

end of parameters

pandas_categorical:null
