tree
version=v4
num_class=1
num_tree_per_iteration=1
label_index=0
max_feature_idx=29
objective=regression
feature_names=material region unit_price lead_time_days late_delivery_risk shipping_mode day_of_week month is_weekend day_of_month quarter week_of_year month_sin month_cos week_sin week_cos day_of_week_sin day_of_week_cos quantity_lag_1 quantity_lag_3 quantity_lag_5 quantity_lag_7 quantity_lag_14 quantity_lag_30 price_lag_7 quantity_rolling_mean_7 quantity_rolling_mean_14 quantity_rolling_mean_30 quantity_used_diff unit_price_diff
feature_infos=none [0:22] none [0:6] [0:1] [0:3] [0:6] [1:12] [0:1] [1:31] [1:4] [1:53] [-1:1] [-1:1] [-1:1] [-1:1] [-0.97492790222167969:0.97492790222167969] [-0.90096884965896606:1] [0:14] [0:14] [0:14] [0:14] [0:14] [0:14] none [2.1428570747375488:7.6666665077209473] [2.4285714626312256:7.6666665077209473] [2.7000000476837158:7.6666665077209473] [-10:9] none
tree_sizes=622 653 654 575 652 573 650 574 572 574 652 661 651 654 575 656 657 736 660 656 658 733 656 732 659 573 573 574 659 657 736 652 660 662 735 656 658 658 731 738 659 660 661 661 659 652 651 740 653 660 652 651 653 662 655 660 654 662 655 660 662 573 660 659 657 577 576 750 653 743 658 662 660 662 655 738 662 743 663 657 663 660 659 666 659 746 744 746 657 746 575 657 658 573 659 661 662 668 663 663 663 661 659 741 657 747 747 748 744 745 667 666 666 667 669 740 748 743 758

Tree=0
num_leaves=6
num_cat=0
split_feature=28 18 28 26 17
split_gain=220.001 50.0008 74.6625 30.625 3.86778
threshold=1.5000000000000002 3.5000000000000004 -1.4999999999999998 3.6785713434219365 1.0000000180025095e-35
decision_type=2 2 2 2 2
left_child=1 4 -3 -2 -1
right_child=3 2 -4 -5 -6
leaf_value=3.5166802029246607 3.6636802029246605 3.5507390264540724 3.6632955875400453 3.7511802041167535 3.5461802029246607
leaf_weight=25 20 34 26 20 20
leaf_count=25 20 34 26 20 20
internal_value=3.60765 3.56963 3.59951 3.70743 3.52979
internal_weight=145 105 60 40 45
internal_count=145 105 60 40 45
is_linear=0
shrinkage=1


Tree=1
num_leaves=6
num_cat=0
split_feature=28 28 18 18 9
split_gain=200.804 50.4942 78.8691 36.7598 2.2431
threshold=2.5000000000000004 -1.0000000180025095e-35 3.5000000000000004 4.5000000000000009 21.500000000000004
decision_type=2 2 2 2 2
left_child=1 3 4 -1 -3
right_child=-2 2 -4 -5 -6
leaf_value=-0.1034068203634686 0.13409859842580299 -0.045780749683794773 0.083082472284634917 -0.023605956762067736 -0.022885260581970216
leaf_weight=27 23 23 21 31 20
leaf_count=27 23 23 21 31 20
internal_value=-0.00141677 -0.0269647 0.00365734 -0.0607546 -0.0351317
internal_weight=145 122 64 58 43
internal_count=145 122 64 58 43
is_linear=0
shrinkage=0.05


Tree=2
num_leaves=6
num_cat=0
split_feature=28 18 28 26 17
split_gain=183.378 41.4928 62.228 27.1659 3.41644
threshold=1.5000000000000002 3.5000000000000004 -1.4999999999999998 3.6785713434219365 1.0000000180025095e-35
decision_type=2 2 2 2 2
left_child=1 4 -3 -2 -1
right_child=3 2 -4 -5 -6
leaf_value=-0.084667195618152613 0.048549992851912978 -0.053358995344708948 0.049398231964844927 0.1309603776410222 -0.056941774412989622
leaf_weight=25 20 34 26 20 20
leaf_count=25 20 34 26 20 20
internal_value=-0.00134593 -0.0360511 -0.00883086 0.0897552 -0.0723448
internal_weight=145 105 60 40 45
internal_count=145 105 60 40 45
is_linear=0
shrinkage=0.05


Tree=3
num_leaves=5
num_cat=0
split_feature=28 28 18 18
split_gain=168.385 41.9416 68.1966 32.4122
threshold=2.5000000000000004 -1.0000000180025095e-35 2.5000000000000004 4.5000000000000009
decision_type=2 2 2 2
left_child=1 3 -3 -1
right_child=-2 2 -4 -5
leaf_value=-0.095519809148929741 0.12281633418296344 -0.053466830479687658 0.050216391427176349 -0.020586394494579687
leaf_weight=27 23 29 35 31
leaf_count=27 23 29 35 31
internal_value=-0.00127863 -0.0246736 0.00323493 -0.0554692
internal_weight=145 122 64 58
internal_count=145 122 64 58
is_linear=0
shrinkage=0.05


Tree=4
num_leaves=6
num_cat=0
split_feature=28 18 28 26 17
split_gain=152.399 35.3307 52.8734 23.9202 2.82144
threshold=1.5000000000000002 3.5000000000000004 -1.4999999999999998 3.6785713434219365 1.0000000180025095e-35
decision_type=2 2 2 2 2
left_child=1 4 -3 -2 -1
right_child=3 2 -4 -5 -6
leaf_value=-0.077541534960269942 0.043170423214323822 -0.048780157197924223 0.045939082881579031 0.120501162186265 -0.052345798835158358
leaf_weight=25 20 34 26 20 20
leaf_count=25 20 34 26 20 20
internal_value=-0.0012147 -0.032853 -0.00773515 0.0818358 -0.0663434
internal_weight=145 105 60 40 45
internal_count=145 105 60 40 45
is_linear=0
shrinkage=0.05


Tree=5
num_leaves=5
num_cat=0
split_feature=28 28 18 18
split_gain=198.778 44.488 50.4682 25.4813
threshold=2.5000000000000004 -1.0000000180025095e-35 2.5000000000000004 4.5000000000000009
decision_type=2 2 2 2
left_child=1 3 -3 -1
right_child=-2 2 -4 -5
leaf_value=-0.087810541737464165 0.14052790542842733 -0.040533565421189584 0.043784904335108066 -0.024205008614808322
leaf_weight=31 21 35 36 32
leaf_count=31 21 35 36 32
internal_value=-0.00250335 -0.0249187 0.00221946 -0.055503
internal_weight=155 134 71 63
internal_count=155 134 71 63
is_linear=0
shrinkage=0.05


Tree=6
num_leaves=6
num_cat=0
split_feature=25 19 25 3 15
split_gain=55.3763 34.8415 19.6015 15.3118 19.2068
threshold=3.928571462631226 4.5000000000000009 2.928571462631226 4.2500000000000009 0.17992616817355159
decision_type=2 2 2 2 2
left_child=2 -2 -1 4 -4
right_child=1 -3 3 -5 -6
leaf_value=-0.054441596815983456 0.083101964116096494 -0.0021697250073370727 -0.019815543214125292 -0.040932135780652364 0.042614338411526252
leaf_weight=33 25 23 28 24 22
leaf_count=33 25 23 28 24 22
internal_value=-0.00237818 0.0422426 -0.022395 -0.00810393 0.0076536
internal_weight=155 48 107 74 50
internal_count=155 48 107 74 50
is_linear=0
shrinkage=0.05


Tree=7
num_leaves=5
num_cat=0
split_feature=28 28 18 18
split_gain=174.511 41.1055 43.9258 22.0073
threshold=2.5000000000000004 -1.0000000180025095e-35 2.5000000000000004 4.5000000000000009
decision_type=2 2 2 2
left_child=1 3 -3 -1
right_child=-2 2 -4 -5
leaf_value=-0.082685082045293623 0.1317572785275323 -0.037061566987207958 0.041602015800567139 -0.023574081156402828
leaf_weight=31 21 35 36 32
leaf_count=31 21 35 36 32
internal_value=-0.00225927 -0.0232619 0.00282419 -0.0526604
internal_weight=155 134 71 63
internal_count=155 134 71 63
is_linear=0
shrinkage=0.05


Tree=8
num_leaves=5
num_cat=0
split_feature=28 28 18 18
split_gain=157.496 37.0977 39.643 19.8616
threshold=2.5000000000000004 -1.0000000180025095e-35 2.5000000000000004 4.5000000000000009
decision_type=2 2 2 2
left_child=1 3 -3 -1
right_child=-2 2 -4 -5
leaf_value=-0.078550826205361288 0.12516941612675078 -0.035208488681486676 0.039521915351765025 -0.0223953768145293
leaf_weight=31 21 35 36 32
leaf_count=31 21 35 36 32
internal_value=-0.00214631 -0.0220988 0.00268298 -0.0500274
internal_weight=155 134 71 63
internal_count=155 134 71 63
is_linear=0
shrinkage=0.05


Tree=9
num_leaves=5
num_cat=0
split_feature=28 28 18 18
split_gain=142.14 33.4807 35.7778 17.9251
threshold=2.5000000000000004 -1.0000000180025095e-35 2.5000000000000004 4.5000000000000009
decision_type=2 2 2 2
left_child=1 3 -3 -1
right_child=-2 2 -4 -5
leaf_value=-0.074623285089769675 0.11891094481661207 -0.033448063944067276 0.037545820265141729 -0.021275608008727433
leaf_weight=31 21 35 36 32
leaf_count=31 21 35 36 32
internal_value=-0.00203899 -0.0209938 0.00254884 -0.0475261
internal_weight=155 134 71 63
internal_count=155 134 71 63
is_linear=0
shrinkage=0.05


Tree=10
num_leaves=6
num_cat=0
split_feature=28 28 18 25 11
split_gain=81.2014 23.8098 39.0998 16.3537 1.54982
threshold=1.5000000000000002 -1.4999999999999998 3.5000000000000004 3.3571429252624516 21.500000000000004
decision_type=2 2 2 2 2
left_child=1 4 -3 -2 -1
right_child=3 2 -4 -5 -6
leaf_value=-0.047709022888115481 0.01901065304875374 -0.042097973154905516 0.033827694772432249 0.07967013689875603 -0.067157168537378312
leaf_weight=21 20 39 30 25 20
leaf_count=21 20 39 30 25 20
internal_value=-0.00387133 -0.0270184 -0.00908681 0.0527104 -0.0571959
internal_weight=155 110 69 45 41
internal_count=155 110 69 45 41
is_linear=0
shrinkage=0.05


Tree=11
num_leaves=6
num_cat=0
split_feature=28 18 18 28 27
split_gain=73.4492 49.5055 16.5428 4.47357 2.72203
threshold=1.0000000180025095e-35 2.5000000000000004 4.5000000000000009 -1.0000000180025095e-35 3.6166666746139531
decision_type=2 2 2 2 2
left_child=2 4 3 -1 -2
right_child=1 -3 -4 -5 -6
leaf_value=-0.065597178864068004 0.014115030309628874 0.089739610713261822 -0.0094108574665509731 -0.034858799073845148 -0.011659080861136317
leaf_weight=29 21 26 39 20 20
leaf_count=29 21 26 39 20 20
internal_value=-0.00367777 0.0357681 -0.0337104 -0.0530509 0.00154229
internal_weight=155 67 88 49 41
internal_count=155 67 88 49 41
is_linear=0
shrinkage=0.05


Tree=12
num_leaves=6
num_cat=0
split_feature=28 28 18 25 26
split_gain=68.6681 20.4823 33.8439 14.1076 2.50042
threshold=1.5000000000000002 -1.4999999999999998 3.5000000000000004 3.3571429252624516 3.8214286565780644
decision_type=2 2 2 2 2
left_child=1 4 -3 -2 -1
right_child=3 2 -4 -5 -6
leaf_value=-0.0654218527302146 0.017238231375813484 -0.038860715018251002 0.031777844739456974 0.073578273430466662 -0.040719184243962883
leaf_weight=20 20 39 30 25 21
leaf_count=20 20 39 30 25 21
internal_value=-0.00349388 -0.0247797 -0.0081483 0.0485383 -0.0527693
internal_weight=155 110 69 45 41
internal_count=155 110 69 45 41
is_linear=0
shrinkage=0.05


Tree=13
num_leaves=6
num_cat=0
split_feature=28 28 18 25 26
split_gain=61.9729 18.4853 30.5441 12.7321 2.25663
threshold=1.5000000000000002 -1.4999999999999998 3.5000000000000004 3.3571429252624516 3.8214286565780644
decision_type=2 2 2 2 2
left_child=1 4 -3 -2 -1
right_child=3 2 -4 -5 -6
leaf_value=-0.062150761093944309 0.016376319937407971 -0.036917679148833628 0.030188952324291071 0.069899359457194818 -0.038683224895170759
leaf_weight=20 20 39 30 25 21
leaf_count=20 20 39 30 25 21
internal_value=-0.00331918 -0.0235408 -0.00774088 0.0461113 -0.0501308
internal_weight=155 110 69 45 41
internal_count=155 110 69 45 41
is_linear=0
shrinkage=0.05


Tree=14
num_leaves=5
num_cat=0
split_feature=25 19 12 14
split_gain=20.3047 8.56226 11.7687 10.1742
threshold=2.928571462631226 3.5000000000000004 -0.25000000000000006 -0.40966403484344477
decision_type=2 2 2 2
left_child=-1 3 -3 -2
right_child=1 2 -4 -5
leaf_value=-0.037948879774546987 -0.008328437204472721 0.016834655432806662 -0.025842549389760411 0.035934638146411728
leaf_weight=33 20 30 35 37
leaf_count=33 20 30 35 37
internal_value=-0.00315322 0.00625872 -0.00614538 0.0204037
internal_weight=155 122 65 57
internal_count=155 122 65 57
is_linear=0
shrinkage=0.05


Tree=15
num_leaves=6
num_cat=0
split_feature=28 18 28 9 28
split_gain=71.3609 26.0354 24.3441 14.0164 1.73532
threshold=2.5000000000000004 4.5000000000000009 1.0000000180025095e-35 12.500000000000002 -1.0000000180025095e-35
decision_type=2 2 2 2 2
left_child=1 2 4 -3 -1
right_child=-2 3 -4 -5 -6
leaf_value=-0.05759061858538659 0.079210666093975313 0.0443616477927814 0.0033121113322623491 -0.012313604652881623 -0.039229253340851179
leaf_weight=31 25 24 36 20 22
leaf_count=31 25 24 36 20 22
internal_value=0.00170606 -0.0128625 -0.028417 0.0186002 -0.0499689
internal_weight=158 133 89 44 53
internal_count=158 133 89 44 53
is_linear=0
shrinkage=0.05


Tree=16
num_leaves=6
num_cat=0
split_feature=28 18 28 9 28
split_gain=64.4032 23.497 21.9705 12.6498 1.56612
threshold=2.5000000000000004 4.5000000000000009 1.0000000180025095e-35 12.500000000000002 -1.0000000180025095e-35
decision_type=2 2 2 2 2
left_child=1 2 4 -3 -1
right_child=-2 3 -4 -5 -6
leaf_value=-0.05471108803345312 0.07525013272464276 0.042143565625883644 0.0031465058675773129 -0.011697924435138703 -0.037267790899866003
leaf_weight=31 25 24 36 20 22
leaf_count=31 25 24 36 20 22
internal_value=0.00162076 -0.0122194 -0.0269962 0.0176702 -0.0474705
internal_weight=158 133 89 44 53
internal_count=158 133 89 44 53
is_linear=0
shrinkage=0.05


Tree=17
num_leaves=7
num_cat=0
split_feature=28 28 9 25 27 19
split_gain=58.1239 14.5936 9.76866 9.26047 9.88983 6.50239
threshold=2.5000000000000004 1.0000000180025095e-35 19.500000000000004 3.0714285373687749 3.6166666746139531 3.5000000000000004
decision_type=2 2 2 2 2 2
left_child=1 3 -3 -1 -5 -6
right_child=-2 2 -4 4 5 -7
leaf_value=-0.046509828990591424 0.071487626656889916 0.038355117040337061 -0.011063145493681079 0.012554850965738296 -0.0073744123522192246 -0.047693119235336784
leaf_weight=28 25 20 20 25 20 20
leaf_count=28 25 20 20 25 20 20
internal_value=0.00153972 -0.0116084 0.013646 -0.0224705 -0.0121151 -0.0275338
internal_weight=158 133 40 93 65 40
internal_count=158 133 40 93 65 40
is_linear=0
shrinkage=0.05


Tree=18
num_leaves=6
num_cat=0
split_feature=28 18 28 28 28
split_gain=52.4568 20.8863 18.1594 10.9736 1.3895
threshold=2.5000000000000004 4.5000000000000009 1.0000000180025095e-35 -2.4999999999999996 -1.0000000180025095e-35
decision_type=2 2 2 2 2
left_child=1 2 4 -3 -1
right_child=-2 3 -4 -5 -6
leaf_value=-0.050393823414079608 0.067913244497030983 -0.010201036632061004 0.0024441542427262502 0.039946619692879423 -0.033963570606217464
leaf_weight=31 25 20 36 24 22
leaf_count=31 25 20 36 24 22
internal_value=0.00146273 -0.011028 -0.0249597 0.0171522 -0.0435737
internal_weight=158 133 89 44 53
internal_count=158 133 89 44 53
is_linear=0
shrinkage=0.05


Tree=19
num_leaves=6
num_cat=0
split_feature=28 18 28 9 28
split_gain=47.3423 18.8499 16.3889 10.3613 1.25402
threshold=2.5000000000000004 4.5000000000000009 1.0000000180025095e-35 12.500000000000002 -1.0000000180025095e-35
decision_type=2 2 2 2 2
left_child=1 2 4 -3 -1
right_child=-2 3 -4 -5 -6
leaf_value=-0.047874132159256171 0.06451758299767972 0.038443891781692704 0.0023219467076059019 -0.01028450831770897 -0.032265392031562944
leaf_weight=31 25 24 36 20 22
leaf_count=31 25 24 36 20 22
internal_value=0.0013896 -0.0104766 -0.0237118 0.0162946 -0.041395
internal_weight=158 133 89 44 53
internal_count=158 133 89 44 53
is_linear=0
shrinkage=0.05


Tree=20
num_leaves=6
num_cat=0
split_feature=25 28 18 28 28
split_gain=32.4046 23.046 29.6173 6.27213 4.77785
threshold=4.2142856121063241 -1.0000000180025095e-35 1.5000000000000002 1.5000000000000002 -2.4999999999999996
decision_type=2 2 2 2 2
left_child=1 4 -3 -4 -1
right_child=-2 2 3 -5 -6
leaf_value=-0.057791074511149655 0.042785888916114345 -0.044218964307852417 0.0097905600145168151 0.044957199843511701 -0.025562762928514178
leaf_weight=23 32 23 32 21 23
leaf_count=23 32 23 32 21 23
internal_value=-0.00199758 -0.0137441 0.00316267 0.0237245 -0.0416769
internal_weight=154 122 76 53 46
internal_count=154 122 76 53 46
is_linear=0
shrinkage=0.05


Tree=21
num_leaves=7
num_cat=0
split_feature=28 18 18 26 19 9
split_gain=30.5924 57.8633 16.8205 12.3294 3.00287 1.86478
threshold=-1.0000000180025095e-35 2.5000000000000004 5.5000000000000009 3.6785713434219365 3.5000000000000004 18.500000000000004
decision_type=2 2 2 2 2 2
left_child=2 5 4 -3 -1 -2
right_child=1 3 -4 -5 -6 -7
leaf_value=-0.031123296709154692 -0.032239263147736591 0.032627975379886189 0.010178041227627548 0.085617972644312049 -0.05701315077021718 -0.011837145728835215
leaf_weight=21 24 23 20 21 24 21
leaf_count=21 24 23 20 21 24 21
internal_value=-0.0018977 0.0171472 -0.0279745 0.0579187 -0.0449312 -0.0227183
internal_weight=154 89 65 44 45 45
internal_count=154 89 65 44 45 45
is_linear=0
shrinkage=0.05


Tree=22
num_leaves=6
num_cat=0
split_feature=25 28 18 28 28
split_gain=28.708 18.9968 16.9642 12.2888 5.76089
threshold=4.2142856121063241 -2.4999999999999996 2.5000000000000004 -1.0000000180025095e-35 1.5000000000000002
decision_type=2 2 2 2 2
left_child=1 -1 4 -4 -3
right_child=-2 2 3 -5 -6
leaf_value=-0.0537929528418159 0.040348963486030703 -0.04542370107734487 -0.016101955887861549 0.033029221972184518 -0.0092020917253609266
leaf_weight=23 32 21 20 35 23
leaf_count=23 32 21 20 35 23
internal_value=-0.00180281 -0.012859 -0.00334911 0.0151633 -0.0264897
internal_weight=154 122 99 55 44
internal_count=154 122 99 55 44
is_linear=0
shrinkage=0.05


Tree=23
num_leaves=7
num_cat=0
split_feature=28 18 28 18 21 6
split_gain=26.8157 14.2876 15.2815 17.803 12.1848 0.18373
threshold=1.5000000000000002 5.5000000000000009 -1.4999999999999998 2.5000000000000004 3.5000000000000004 2.5000000000000004
decision_type=2 2 2 2 2 2
left_child=1 2 -1 -4 -2 -5
right_child=4 -3 3 5 -6 -7
leaf_value=-0.052069738271335764 0.0063245605499971484 0.022932645252772742 -0.044727267291058193 0.014659219086170197 0.06085587153211236 0.0078818640019744628
leaf_weight=30 21 21 22 20 20 20
leaf_count=30 21 21 22 20 20 20
internal_value=-0.00171267 -0.0142804 -0.0227747 -0.00859965 0.0329252 0.0112705
internal_weight=154 113 92 62 41 40
internal_count=154 113 92 62 41 40
is_linear=0
shrinkage=0.05


Tree=24
num_leaves=6
num_cat=0
split_feature=25 28 18 28 18
split_gain=25.3499 16.4694 15.3873 14.1895 8.91651
threshold=4.2142856121063241 -2.4999999999999996 1.5000000000000002 1.0000000180025095e-35 3.5000000000000004
decision_type=2 2 2 2 2
left_child=1 -1 -3 4 -4
right_child=-2 2 3 -5 -6
leaf_value=-0.050130304426926633 0.037982788609224376 -0.038994207233190539 -0.034042874865588692 0.033712097816169261 0.010569828085256935
leaf_weight=23 32 23 21 31 24
leaf_count=23 32 23 21 31 24
internal_value=-0.00162704 -0.0120165 -0.00316178 0.00768224 -0.0102494
internal_weight=154 122 99 76 45
internal_count=154 122 99 76 45
is_linear=0
shrinkage=0.05


Tree=25
num_leaves=5
num_cat=0
split_feature=28 20 28 18
split_gain=56.6417 14.7176 11.2136 7.71343
threshold=2.5000000000000004 1.5000000000000002 -1.4999999999999998 2.5000000000000004
decision_type=2 2 2 2
left_child=1 -1 -3 -4
right_child=-2 2 3 -5
leaf_value=0.023738853227347135 0.076514895294200302 -0.042463195225333469 -0.025629825478730103 0.0089208015426993376
leaf_weight=25 22 34 30 35
leaf_count=25 22 34 30 35
internal_value=0.00257797 -0.0105399 -0.0191961 -0.00702564
internal_weight=146 124 99 65
internal_count=146 124 99 65
is_linear=0
shrinkage=0.05


Tree=26
num_leaves=5
num_cat=0
split_feature=28 20 28 18
split_gain=51.1192 13.2826 10.1203 6.96137
threshold=2.5000000000000004 1.5000000000000002 -1.4999999999999998 2.5000000000000004
decision_type=2 2 2 2
left_child=1 -1 -3 -4
right_child=-2 2 3 -5
leaf_value=0.022551910534501077 0.072689150675961919 -0.040340035775785939 -0.024348334294433397 0.0084747617319226275
leaf_weight=25 22 34 30 35
leaf_count=25 22 34 30 35
internal_value=0.00244907 -0.0100129 -0.0182363 -0.00667436
internal_weight=146 124 99 65
internal_count=146 124 99 65
is_linear=0
shrinkage=0.05


Tree=27
num_leaves=5
num_cat=0
split_feature=28 20 28 18
split_gain=46.1351 11.9875 9.13354 6.28264
threshold=2.5000000000000004 1.5000000000000002 -1.4999999999999998 2.5000000000000004
decision_type=2 2 2 2
left_child=1 -1 -3 -4
right_child=-2 2 3 -5
leaf_value=0.021424315080046656 0.069054693203758108 -0.038323033464086415 -0.023130917157517011 0.0080510237014719422
leaf_weight=25 22 34 30 35
leaf_count=25 22 34 30 35
internal_value=0.00232662 -0.00951223 -0.0173245 -0.00634064
internal_weight=146 124 99 65
internal_count=146 124 99 65
is_linear=0
shrinkage=0.05


Tree=28
num_leaves=6
num_cat=0
split_feature=28 25 28 28 25
split_gain=41.6369 10.4588 9.5916 3.44418 0.952848
threshold=2.5000000000000004 4.2142856121063241 1.0000000180025095e-35 -2.4999999999999996 3.3571429252624516
decision_type=2 2 2 2 2
left_child=1 2 3 -1 -5
right_child=-2 -3 -4 4 -6
leaf_value=-0.044853901118040086 0.065601956294002867 0.019860015414655208 0.0051849045708556385 -0.026722476817667484 -0.012138608816478935
leaf_weight=20 22 25 34 24 21
leaf_count=20 22 25 34 24 21
internal_value=0.00221029 -0.00903662 -0.0163338 -0.0275897 -0.0199167
internal_weight=146 124 99 65 45
internal_count=146 124 99 65 45
is_linear=0
shrinkage=0.05


Tree=29
num_leaves=6
num_cat=0
split_feature=28 25 28 16 9
split_gain=37.5773 9.43905 8.65642 3.35716 0.515728
threshold=2.5000000000000004 4.2142856121063241 1.0000000180025095e-35 0.6078576147556306 14.500000000000002
decision_type=2 2 2 2 2
left_child=1 2 3 4 -1
right_child=-2 -3 -4 -5 -6
leaf_value=-0.029516138401813809 0.06232185909016566 0.018867014697752895 0.0049256595152923294 -0.011836795855313539 -0.040870959414169197
leaf_weight=20 22 25 34 25 20
leaf_count=20 22 25 34 25 20
internal_value=0.00209977 -0.00858479 -0.0155171 -0.0262102 -0.0351935
internal_weight=146 124 99 65 40
internal_count=146 124 99 65 40
is_linear=0
shrinkage=0.05


Tree=30
num_leaves=7
num_cat=0
split_feature=18 28 18 18 28 9
split_gain=13.5431 22.1878 9.98606 8.52882 5.9095 1.02918
threshold=1.5000000000000002 1.0000000180025095e-35 2.5000000000000004 4.5000000000000009 -2.4999999999999996 19.500000000000004
decision_type=2 2 2 2 2 2
left_child=-1 3 -3 5 -5 -2
right_child=1 2 -4 4 -6 -7
leaf_value=-0.037291547230311799 -0.021005746846522899 0.0063042473809962925 0.05394414846192707 -0.015039922314740363 0.022470380099756378 -0.035553801662172195
leaf_weight=28 31 22 22 21 21 20
leaf_count=28 31 22 22 21 21 20
internal_value=-0.00560553 0.000870439 0.0301242 -0.01297 0.00371523 -0.0267109
internal_weight=165 137 44 93 42 51
internal_count=165 137 44 93 42 51
is_linear=0
shrinkage=0.05


Tree=31
num_leaves=6
num_cat=0
split_feature=25 9 11 19 9
split_gain=13.5232 4.8185 3.03873 2.13354 1.07046
threshold=4.2142856121063241 14.500000000000002 22.500000000000004 4.5000000000000009 23.500000000000004
decision_type=2 2 2 2 2
left_child=1 2 -1 4 -3
right_child=-2 3 -4 -5 -6
leaf_value=0.010456982679002417 0.023303210289415087 -0.007031160442857072 -0.011610552315146495 -0.034652492590248586 -0.022550617076456548
leaf_weight=26 33 20 39 22 25
leaf_count=26 33 20 39 22 25
internal_value=-0.00532526 -0.0124824 -0.00278354 -0.0218917 -0.0156531
internal_weight=165 132 65 67 45
internal_count=165 132 65 67 45
is_linear=0
shrinkage=0.05


Tree=32
num_leaves=6
num_cat=0
split_feature=25 18 28 3 18
split_gain=12.2047 7.71482 13.477 2.9683 2.65906
threshold=4.2142856121063241 1.5000000000000002 -1.0000000180025095e-35 2.2500000000000004 2.5000000000000004
decision_type=2 2 2 2 2
left_child=1 -1 3 -3 -4
right_child=-2 2 4 -5 -6
leaf_value=-0.036865622095763682 0.022138049893758515 -0.011465173098258674 -0.0032015727309044452 -0.036879347411363769 0.018284287148465715
leaf_weight=25 33 20 24 27 36
leaf_count=25 33 20 24 27 36
internal_value=-0.00505899 -0.0118583 -0.00601541 -0.0260648 0.00968994
internal_weight=165 132 107 47 60
internal_count=165 132 107 47 60
is_linear=0
shrinkage=0.05


Tree=33
num_leaves=6
num_cat=0
split_feature=25 28 18 18 28
split_gain=11.0147 7.09651 10.7053 3.95501 8.13651
threshold=4.2142856121063241 -2.4999999999999996 1.5000000000000002 3.5000000000000004 1.0000000180025095e-35
decision_type=2 2 2 2 2
left_child=1 -1 -3 4 -4
right_child=-2 2 3 -5 -6
leaf_value=-0.037919023313692644 0.021031147396812836 -0.035022341960109775 -0.026275566951013532 0.015737838128750976 0.012912918434098917
leaf_weight=21 33 25 26 33 27
leaf_count=21 33 25 26 33 27
internal_value=-0.00480605 -0.0112653 -0.00622276 0.00214922 -0.00631162
internal_weight=165 132 111 86 53
internal_count=165 132 111 86 53
is_linear=0
shrinkage=0.05


Tree=34
num_leaves=7
num_cat=0
split_feature=25 3 9 22 20 9
split_gain=10.0802 5.55355 3.69472 1.99659 1.89058 0.405243
threshold=4.0714285373687753 2.2500000000000004 14.500000000000002 3.5000000000000004 2.5000000000000004 23.500000000000004
decision_type=2 2 2 2 2 2
left_child=2 -2 3 -1 -4 -6
right_child=1 -3 4 -5 5 -7
leaf_value=-0.013075043309341977 -0.0035306199511978779 0.032144153750656795 -0.0083414326288870407 0.005387157857330749 -0.03164105037936852 -0.021696279505267743
leaf_weight=27 20 24 21 32 21 20
leaf_count=27 20 24 21 32 21 20
internal_value=-0.00456574 0.0159283 -0.0120181 -0.00306165 -0.0205413 -0.0267899
internal_weight=165 44 121 59 62 41
internal_count=165 44 121 59 62 41
is_linear=0
shrinkage=0.05


Tree=35
num_leaves=6
num_cat=0
split_feature=28 9 25 3 28
split_gain=31.2306 10.6185 2.33417 2.07518 2.75794
threshold=2.5000000000000004 13.500000000000002 3.2142857313156132 2.2500000000000004 -1.0000000180025095e-35
decision_type=2 2 2 2 2
left_child=1 2 -1 -3 -5
right_child=-2 3 -4 4 -6
leaf_value=-0.0039570237073348839 0.059883174318820245 -0.0084131507811346842 0.017347121061660194 -0.037601797045815899 -0.014040387539124047
leaf_weight=20 20 31 36 23 27
leaf_count=20 20 31 36 23 27
internal_value=0.00151771 -0.0070028 0.0097385 -0.018577 -0.0248786
internal_weight=157 137 56 81 50
internal_count=157 137 56 81 50
is_linear=0
shrinkage=0.05


Tree=36
num_leaves=6
num_cat=0
split_feature=28 18 9 28 19
split_gain=28.1857 10.7427 12.3658 4.17978 0.900489
threshold=2.5000000000000004 4.5000000000000009 13.500000000000002 1.0000000180025095e-35 3.5000000000000004
decision_type=2 2 2 2 2
left_child=1 3 -3 4 -1
right_child=-2 2 -4 -5 -6
leaf_value=-0.018337359803263099 0.056889016081113367 0.037899943965021526 -0.015333703821524977 -0.0038102512725461755 -0.031286386464690341
leaf_weight=25 20 24 20 39 29
leaf_count=25 20 24 20 39 29
internal_value=0.00144182 -0.00665266 0.0137028 -0.0162832 -0.0252915
internal_weight=157 137 44 93 54
internal_count=157 137 44 93 54
is_linear=0
shrinkage=0.05


Tree=37
num_leaves=6
num_cat=0
split_feature=28 18 9 28 19
split_gain=25.4376 9.69529 11.1601 3.77225 0.812691
threshold=2.5000000000000004 4.5000000000000009 13.500000000000002 1.0000000180025095e-35 3.5000000000000004
decision_type=2 2 2 2 2
left_child=1 3 -3 4 -1
right_child=-2 2 -4 -5 -6
leaf_value=-0.017420491617172958 0.054044564720243216 0.036004947645900148 -0.014567019171081483 -0.0036197385702950837 -0.029722066727820143
leaf_weight=25 20 24 20 39 29
leaf_count=25 20 24 20 39 29
internal_value=0.00136973 -0.00632003 0.0130177 -0.0154691 -0.0240269
internal_weight=157 137 44 93 54
internal_count=157 137 44 93 54
is_linear=0
shrinkage=0.05


Tree=38
num_leaves=7
num_cat=0
split_feature=28 18 9 18 28 9
split_gain=22.9574 8.75 10.072 3.50477 7.1163 0.67015
threshold=2.5000000000000004 4.5000000000000009 13.500000000000002 1.5000000000000002 1.0000000180025095e-35 18.500000000000004
decision_type=2 2 2 2 2 2
left_child=1 3 -3 -1 5 -5
right_child=-2 2 -4 4 -6 -7
leaf_value=-0.033239668533205986 0.051342335902154451 0.034204699572486182 -0.013838668288371991 -0.01526236470268082 0.012691297207493336 -0.027018402690406552
leaf_weight=20 20 24 20 27 24 22
leaf_count=20 20 24 20 27 24 22
internal_value=0.00130124 -0.00600403 0.0123668 -0.0146956 -0.00961504 -0.0205406
internal_weight=157 137 44 93 73 49
internal_count=157 137 44 93 73 49
is_linear=0
shrinkage=0.05


Tree=39
num_leaves=7
num_cat=0
split_feature=28 18 9 18 28 9
split_gain=20.7191 7.89687 9.08997 3.16306 6.42246 0.604811
threshold=2.5000000000000004 4.5000000000000009 13.500000000000002 1.5000000000000002 1.0000000180025095e-35 18.500000000000004
decision_type=2 2 2 2 2 2
left_child=1 3 -3 -1 5 -5
right_child=-2 2 -4 4 -6 -7
leaf_value=-0.031577684804797175 0.048775221109390261 0.032494464695143208 -0.013146735094487667 -0.014499246465533766 0.012056732313552251 -0.025667482710559852
leaf_weight=20 20 24 20 27 24 22
leaf_count=20 20 24 20 27 24 22
internal_value=0.00123618 -0.00570382 0.0117485 -0.0139608 -0.00913428 -0.0195136
internal_weight=157 137 44 93 73 49
internal_count=157 137 44 93 73 49
is_linear=0
shrinkage=0.05


Tree=40
num_leaves=6
num_cat=0
split_feature=28 28 18 9 28
split_gain=31.6914 5.72963 13.3732 2.35229 1.45862
threshold=2.5000000000000004 -1.0000000180025095e-35 3.5000000000000004 13.500000000000002 1.5000000000000002
decision_type=2 2 2 2 2
left_child=1 3 4 -1 -3
right_child=-2 2 -4 -5 -6
leaf_value=-0.0036249645297294075 0.058365008753278984 -0.017124302785377948 0.035916588402798648 -0.023786112723442224 0.00030781734851188959
leaf_weight=23 23 30 23 39 20
leaf_count=23 23 30 23 39 20
internal_value=0.00411311 -0.00512981 0.00436313 -0.016307 -0.0101515
internal_weight=158 135 73 62 50
internal_count=158 135 73 62 50
is_linear=0
shrinkage=0.05


Tree=41
num_leaves=6
num_cat=0
split_feature=28 18 28 28 19
split_gain=28.6015 5.49747 13.1454 3.27385 0.847963
threshold=2.5000000000000004 4.5000000000000009 -2.4999999999999996 1.0000000180025095e-35 3.5000000000000004
decision_type=2 2 2 2 2
left_child=1 3 -3 4 -1
right_child=-2 2 -4 -5 -6
leaf_value=-0.013524570045992732 0.055446757926889093 -0.018235555054111917 0.035825953745971556 -0.00085243854524665757 -0.026303904091171854
leaf_weight=25 23 22 23 38 27
leaf_count=25 23 22 23 38 27
internal_value=0.00390745 -0.00487332 0.00939588 -0.0120079 -0.02016
internal_weight=158 135 45 90 52
internal_count=158 135 45 90 52
is_linear=0
shrinkage=0.05


Tree=42
num_leaves=6
num_cat=0
split_feature=28 18 28 28 19
split_gain=25.8128 4.96147 11.8637 2.95465 0.765287
threshold=2.5000000000000004 4.5000000000000009 -2.4999999999999996 1.0000000180025095e-35 3.5000000000000004
decision_type=2 2 2 2 2
left_child=1 3 -3 4 -1
right_child=-2 2 -4 -5 -6
leaf_value=-0.012848341380245985 0.052674420210330392 -0.017323777655308899 0.034034655793853431 -0.00080981661541093335 -0.024988708883110021
leaf_weight=25 23 22 23 38 27
leaf_count=25 23 22 23 38 27
internal_value=0.00371208 -0.00462965 0.00892609 -0.0114075 -0.019152
internal_weight=158 135 45 90 52
internal_count=158 135 45 90 52
is_linear=0
shrinkage=0.05


Tree=43
num_leaves=6
num_cat=0
split_feature=28 28 18 25 28
split_gain=23.2961 4.73803 10.9368 3.45431 1.14509
threshold=2.5000000000000004 -1.0000000180025095e-35 3.5000000000000004 3.5000000000000004 1.5000000000000002
decision_type=2 2 2 2 2
left_child=1 3 4 -1 -3
right_child=-2 2 -4 -5 -6
leaf_value=-0.027999371614445143 0.050040699541568756 -0.015069860050474138 0.032769171691135218 -0.0041964426610086652 0.00037553934613242745
leaf_weight=27 23 30 23 35 20
leaf_count=27 23 30 23 35 20
internal_value=0.00352648 -0.00439817 0.00423433 -0.0145622 -0.0088917
internal_weight=158 135 73 62 50
internal_count=158 135 73 62 50
is_linear=0
shrinkage=0.05


Tree=44
num_leaves=6
num_cat=0
split_feature=28 18 28 28 19
split_gain=21.0247 4.31342 10.1921 2.47428 0.742247
threshold=2.5000000000000004 4.5000000000000009 -2.4999999999999996 1.0000000180025095e-35 3.5000000000000004
decision_type=2 2 2 2 2
left_child=1 3 -3 4 -1
right_child=-2 2 -4 -5 -6
leaf_value=-0.011376972933299839 0.04753866401379523 -0.015869083153930579 0.031733661950768342 -0.00079996724931621238 -0.023333194684582177
leaf_weight=25 23 22 23 38 27
leaf_count=25 23 22 23 38 27
internal_value=0.00335015 -0.00417826 0.00846121 -0.010498 -0.017585
internal_weight=158 135 45 90 52
internal_count=158 135 45 90 52
is_linear=0
shrinkage=0.05


Tree=45
num_leaves=6
num_cat=0
split_feature=25 22 28 18 3
split_gain=9.87335 8.98895 3.59501 5.67324 0.597009
threshold=3.928571462631226 3.5000000000000004 -1.4999999999999998 2.5000000000000004 3.7500000000000004
decision_type=2 2 2 2 2
left_child=2 -2 -1 4 -4
right_child=1 -3 3 -5 -6
leaf_value=-0.026677194728259124 0.032819737195968632 -0.0092581794004548672 -0.0121186653082259 0.010270195553124313 -0.02433554606512189
leaf_weight=29 30 22 20 31 20
leaf_count=29 30 22 20 31 20
internal_value=-0.00265418 0.0150175 -0.0118435 -0.00578462 -0.0182271
internal_weight=152 52 100 71 40
internal_count=152 52 100 71 40
is_linear=0
shrinkage=0.05


Tree=46
num_leaves=6
num_cat=0
split_feature=25 22 28 18 3
split_gain=8.9107 8.11253 3.2445 5.12009 0.5388
threshold=3.928571462631226 3.5000000000000004 -1.4999999999999998 2.5000000000000004 3.7500000000000004
decision_type=2 2 2 2 2
left_child=2 -2 -1 4 -4
right_child=1 -3 3 -5 -6
leaf_value=-0.025343335056998609 0.031178750284016135 -0.0087952703745527699 -0.011512731888797135 0.0097566859706515272 -0.02311876878142357
leaf_weight=29 30 22 20 31 20
leaf_count=29 30 22 20 31 20
internal_value=-0.00252147 0.0142667 -0.0112513 -0.00549539 -0.0173158
internal_weight=152 52 100 71 40
internal_count=152 52 100 71 40
is_linear=0
shrinkage=0.05


Tree=47
num_leaves=7
num_cat=0
split_feature=18 28 25 18 19 20
split_gain=8.07476 12.4279 10.8377 8.65526 1.57495 0.477499
threshold=1.5000000000000002 -1.0000000180025095e-35 3.7857142686843877 5.5000000000000009 3.5000000000000004 2.5000000000000004
decision_type=2 2 2 2 2 2
left_child=-1 3 5 4 -2 -3
right_child=1 2 -4 -5 -6 -7
leaf_value=-0.029009536250183984 -0.016157278515553722 0.0087580757681280375 0.046730615867471154 0.014624562487006188 -0.034906981016198796 -0.0020369478279636021
leaf_weight=24 24 20 22 20 21 21
leaf_count=24 24 20 22 20 21 21
internal_value=-0.00239539 0.00259476 0.01842 -0.0127435 -0.0249071 0.00322892
internal_weight=152 128 63 65 45 41
internal_count=152 128 63 65 45 41
is_linear=0
shrinkage=0.05


Tree=48
num_leaves=6
num_cat=0
split_feature=25 22 28 18 3
split_gain=7.49184 7.44065 2.818 4.37927 0.479481
threshold=3.928571462631226 3.5000000000000004 -1.4999999999999998 2.5000000000000004 3.7500000000000004
decision_type=2 2 2 2 2
left_child=2 -2 -1 4 -4
right_child=1 -3 3 -5 -6
leaf_value=-0.023413519965934344 0.029314628504216674 -0.0089683116635900333 -0.010373588637448847 0.0091895317326435039 -0.021322118267416954
leaf_weight=29 30 22 20 31 20
leaf_count=29 30 22 20 31 20
internal_value=-0.00227562 0.013118 -0.0102803 -0.00491604 -0.0158479
internal_weight=152 52 100 71 40
internal_count=152 52 100 71 40
is_linear=0
shrinkage=0.05


Tree=49
num_leaves=6
num_cat=0
split_feature=18 28 18 28 15
split_gain=7.28792 8.25352 10.3728 2.21058 1.42464
threshold=5.5000000000000009 1.0000000180025095e-35 1.5000000000000002 -1.4999999999999998 -0.17992616817355153
decision_type=2 2 2 2 2
left_child=1 3 -3 -1 -4
right_child=-2 2 4 -5 -6
leaf_value=-0.028227221316868265 0.025183037242719104 -0.022621971555054188 0.030849853402469308 -0.010339336738569472 0.012203644703896274
leaf_weight=31 21 20 20 39 21
leaf_count=31 21 20 20 39 21
internal_value=-0.00216184 -0.00654537 0.00689892 -0.0182611 0.0212994
internal_weight=152 131 61 70 41
internal_count=152 131 61 70 41
is_linear=0
shrinkage=0.05


Tree=50
num_leaves=6
num_cat=0
split_feature=26 22 6 11 26
split_gain=6.09038 5.8439 2.13141 1.30202 0.561151
threshold=3.5357142686843877 2.5000000000000004 3.5000000000000004 22.500000000000004 3.1071428060531621
decision_type=2 2 2 2 2
left_child=3 -2 -3 -1 -5
right_child=1 2 -4 4 -6
leaf_value=-0.0001749887163269109 0.026079121093592936 0.010050990681629629 -0.013032624702900647 -0.01921676831400913 -0.0079119700232002377
leaf_weight=29 37 20 20 23 21
leaf_count=29 37 20 20 23 21
internal_value=0.00194722 0.0117571 -0.00149082 -0.00840016 -0.0138213
internal_weight=150 77 40 73 44
internal_count=150 77 40 73 44
is_linear=0
shrinkage=0.05


Tree=51
num_leaves=6
num_cat=0
split_feature=25 19 18 25 20
split_gain=8.75093 14.6348 3.38888 2.56679 2.6338
threshold=3.928571462631226 4.5000000000000009 1.5000000000000002 3.0714285373687749 3.5000000000000004
decision_type=2 2 2 2 2
left_child=2 -2 -1 -4 -5
right_child=1 -3 3 4 -6
leaf_value=-0.024783920468762516 0.047041158302818076 -0.0087727759114426106 -0.012411747996092719 0.01550730559143371 -0.0079172261591468531
leaf_weight=20 24 23 34 28 21
leaf_count=20 24 23 34 28 21
internal_value=0.00184986 0.019728 -0.00630811 -0.0018561 0.00546822
internal_weight=150 47 103 83 49
internal_count=150 47 103 83 49
is_linear=0
shrinkage=0.05


Tree=52
num_leaves=6
num_cat=0
split_feature=25 19 18 25 20
split_gain=7.89772 13.2079 3.05846 2.31653 2.37701
threshold=3.928571462631226 4.5000000000000009 1.5000000000000002 3.0714285373687749 3.5000000000000004
decision_type=2 2 2 2 2
left_child=2 -2 -1 -4 -5
right_child=1 -3 3 4 -6
leaf_value=-0.023544724649982529 0.044689100092121709 -0.0083341372320833423 -0.011791160452840441 0.014731941028886858 -0.0075213648423197721
leaf_weight=20 24 23 34 28 21
leaf_count=20 24 23 34 28 21
internal_value=0.00175737 0.0187416 -0.0059927 -0.0017633 0.00519481
internal_weight=150 47 103 83 49
internal_count=150 47 103 83 49
is_linear=0
shrinkage=0.05


Tree=53
num_leaves=6
num_cat=0
split_feature=18 28 28 6 26
split_gain=6.65304 8.6969 2.55641 0.965516 0.909487
threshold=1.5000000000000002 1.5000000000000002 -1.0000000180025095e-35 2.5000000000000004 3.8928571939468388
decision_type=2 2 2 2 2
left_child=-1 2 4 -4 -2
right_child=1 -3 3 -5 -6
leaf_value=-0.022458093551297985 -0.014169201687459025 0.028779399453196675 0.00048779935487324285 0.015838103818241505 -0.00087647363543510439
leaf_weight=24 31 32 21 20 22
leaf_count=24 31 32 21 20 22
internal_value=0.0016695 0.00626523 -0.00139917 0.00797575 -0.00865147
internal_weight=150 126 94 41 53
internal_count=150 126 94 41 53
is_linear=0
shrinkage=0.05


Tree=54
num_leaves=6
num_cat=0
split_feature=25 19 18 28 18
split_gain=6.98177 11.7274 2.57863 2.43482 0.620098
threshold=3.928571462631226 4.5000000000000009 2.5000000000000004 -1.4999999999999998 1.5000000000000002
decision_type=2 2 2 2 2
left_child=2 -2 4 -4 -1
right_child=1 -3 3 -5 -6
leaf_value=-0.021244583586230877 0.042005105875432491 -0.0079581732740220817 -0.011369755961324859 0.0095723152692828856 -0.0094326407238841063
leaf_weight=20 24 23 23 35 25
leaf_count=20 24 23 23 35 25
internal_value=0.00158602 0.017555 -0.00570079 0.0012677 -0.0146824
internal_weight=150 47 103 58 45
internal_count=150 47 103 58 45
is_linear=0
shrinkage=0.05


Tree=55
num_leaves=6
num_cat=0
split_feature=25 28 18 27 17
split_gain=13.6284 4.8348 4.15541 2.21782 1.13118
threshold=4.2142856121063241 -2.4999999999999996 2.5000000000000004 3.4166667461395268 1.0000000180025095e-35
decision_type=2 2 2 2 2
left_child=1 -1 3 -3 -4
right_child=-2 2 4 -5 -6
leaf_value=-0.026850881540904876 0.032479015657944338 0.00045340946349112883 0.017641089471395723 -0.020337411478675647 0.0020956056490540505
leaf_weight=23 28 23 22 29 25
leaf_count=23 28 23 22 29 25
internal_value=0.00101987 -0.00620027 -0.00140265 -0.0111415 0.00937222
internal_weight=150 122 99 52 47
internal_count=150 122 99 52 47
is_linear=0
shrinkage=0.05


Tree=56
num_leaves=6
num_cat=0
split_feature=26 13 26 9 26
split_gain=8.97507 5.17914 5.40733 2.44379 0.752068
threshold=4.4415583610534677 0.25000000000000011 3.6071428060531621 13.500000000000002 3.5357142686843877
decision_type=2 2 2 2 2
left_child=1 2 3 -1 -3
right_child=-2 4 -4 -5 -6
leaf_value=0.0066934471383042959 0.03128184261066573 -0.01205391072202474 0.020034148562699555 -0.014171297094920496 -0.025765837375074624
leaf_weight=23 21 20 30 36 20
leaf_count=23 21 20 30 36 20
internal_value=0.000968872 -0.0039658 0.00275064 -0.00603758 -0.0189099
internal_weight=150 129 89 59 40
internal_count=150 129 89 59 40
is_linear=0
shrinkage=0.05


Tree=57
num_leaves=6
num_cat=0
split_feature=25 28 18 27 17
split_gain=11.4713 4.25792 3.56845 1.97107 1.04008
threshold=4.2142856121063241 -2.4999999999999996 2.5000000000000004 3.4166667461395268 1.0000000180025095e-35
decision_type=2 2 2 2 2
left_child=1 -1 3 -3 -4
right_child=-2 2 4 -5 -6
leaf_value=-0.025083216236215896 0.029782762351844995 0.00070462659325288689 0.016712420036889275 -0.018895545637170816 0.0018060815297067168
leaf_weight=23 28 23 22 29 25
leaf_count=23 28 23 22 29 25
internal_value=0.000920428 -0.00570371 -0.00120141 -0.0102262 0.00878352
internal_weight=150 122 99 52 47
internal_count=150 122 99 52 47
is_linear=0
shrinkage=0.05


Tree=58
num_leaves=6
num_cat=0
split_feature=26 13 26 9 26
split_gain=7.59174 4.43185 4.60678 2.22392 0.646211
threshold=4.4415583610534677 0.25000000000000011 3.6071428060531621 13.500000000000002 3.5357142686843877
decision_type=2 2 2 2 2
left_child=1 2 3 -1 -3
right_child=-2 4 -4 -5 -6
leaf_value=0.0065821303216659511 0.028753607720136645 -0.011132861804217102 0.01850182220650216 -0.013321867023801637 -0.023843197496607901
leaf_weight=23 21 20 30 36 20
leaf_count=23 21 20 30 36 20
internal_value=0.000874407 -0.00366407 0.00254895 -0.00556268 -0.017488
internal_weight=150 129 89 59 40
internal_count=150 129 89 59 40
is_linear=0
shrinkage=0.05


Tree=59
num_leaves=6
num_cat=0
split_feature=25 28 18 27 17
split_gain=9.652 3.75229 3.06492 1.7522 0.956111
threshold=4.2142856121063241 -2.4999999999999996 2.5000000000000004 3.4166667461395268 1.0000000180025095e-35
decision_type=2 2 2 2 2
left_child=1 -1 3 -3 -4
right_child=-2 2 4 -5 -6
leaf_value=-0.023437984814138516 0.027305560279637577 0.00092323179073307824 0.015836807873843516 -0.017556702255688863 0.0015448494702577592
leaf_weight=23 28 23 22 29 25
leaf_count=23 28 23 22 29 25
internal_value=0.000830687 -0.00524551 -0.00101898 -0.00938289 0.0082347
internal_weight=150 122 99 52 47
internal_count=150 122 99 52 47
is_linear=0
shrinkage=0.05


Tree=60
num_leaves=6
num_cat=0
split_feature=14 20 19 14 11
split_gain=7.89573 6.88225 1.05481 1.14047 1.4085
threshold=0.91023612022399913 1.5000000000000002 4.5000000000000009 -0.40966403484344477 22.500000000000004
decision_type=2 2 2 2 2
left_child=1 -1 3 -3 -5
right_child=-2 2 -4 4 -6
leaf_value=0.021803953185943623 0.027491671106089716 0.0012701425918688377 -0.017111902813485357 -0.0020104015334731057 -0.019920642467458612
leaf_weight=21 23 30 32 21 23
leaf_count=21 23 30 32 21 23
internal_value=0.000535478 -0.00434635 -0.00952707 -0.00624715 -0.0113726
internal_weight=150 127 106 74 44
internal_count=150 127 106 74 44
is_linear=0
shrinkage=0.05


Tree=61
num_leaves=5
num_cat=0
split_feature=18 25 19 20
split_gain=7.74082 5.28673 3.23893 1.06449
threshold=2.5000000000000004 4.0714285373687753 3.5000000000000004 3.5000000000000004
decision_type=2 2 2 2
left_child=2 3 -1 -2
right_child=1 -3 -4 -5
leaf_value=-0.0043416974550225486 0.0052793830570478277 0.024285444393754005 -0.029783367990008133 -0.0079375039860606188
leaf_weight=29 39 35 22 25
leaf_count=29 39 35 22 25
internal_value=0.000508704 0.0086611 -0.0153165 0.000116537
internal_weight=150 99 51 64
internal_count=150 99 51 64
is_linear=0
shrinkage=0.05


Tree=62
num_leaves=6
num_cat=0
split_feature=14 18 28 19 3
split_gain=7.02184 6.94717 5.10073 2.65391 1.53028
threshold=0.91023612022399913 1.5000000000000002 1.0000000180025095e-35 3.5000000000000004 3.7500000000000004
decision_type=2 2 2 2 2
left_child=1 -1 3 4 -3
right_child=-2 2 -4 -5 -6
leaf_value=-0.028346667085619021 0.02590399124538121 -0.007710142435860776 0.017729848770029616 -0.018038909219571256 0.011377901066138986
leaf_weight=24 23 21 33 28 21
leaf_count=24 23 21 33 28 21
internal_value=0.000483268 -0.00412048 0.00152445 -0.00611524 0.00183388
internal_weight=150 127 103 70 42
internal_count=150 127 103 70 42
is_linear=0
shrinkage=0.05


Tree=63
num_leaves=6
num_cat=0
split_feature=20 20 22 25 9
split_gain=6.45586 5.57594 1.67729 1.31172 0.563003
threshold=5.5000000000000009 1.5000000000000002 4.5000000000000009 3.5000000000000004 15.500000000000002
decision_type=2 2 2 2 2
left_child=1 -1 3 4 -3
right_child=-2 2 -4 -5 -6
leaf_value=0.017612292699515818 0.026904989015311007 -0.016403335914947092 -0.018207082712615376 0.0031082862784387547 -0.0046815775600927215
leaf_weight=25 20 20 32 32 21
leaf_count=25 20 20 32 32 21
internal_value=0.000459105 -0.00360949 -0.0086623 -0.00447828 -0.0103995
internal_weight=150 130 105 73 41
internal_count=150 130 105 73 41
is_linear=0
shrinkage=0.05


Tree=64
num_leaves=6
num_cat=0
split_feature=18 28 19 19 5
split_gain=6.51912 15.8696 2.72507 2.5874 1.33588
threshold=2.5000000000000004 1.0000000180025095e-35 3.5000000000000004 4.5000000000000009 2.5000000000000004
decision_type=2 2 2 2 2
left_child=2 3 -1 4 -2
right_child=1 -3 -4 -5 -6
leaf_value=-0.0040200027161486577 -0.0071377466856078669 0.041461215656286542 -0.027356406504457649 -0.018361673531630499 0.0092013496937679833
leaf_weight=29 22 26 22 22 29
leaf_count=29 22 26 22 22 29
internal_value=0.00043615 0.00791761 -0.0140867 -0.00402943 0.00215311
internal_weight=150 99 51 73 51
internal_count=150 99 51 73 51
is_linear=0
shrinkage=0.05


Tree=65
num_leaves=5
num_cat=0
split_feature=25 14 3 23
split_gain=6.32876 1.99957 1.84873 1.53478
threshold=4.2142856121063241 0.91023612022399913 4.2500000000000009 3.5000000000000004
decision_type=2 2 2 2
left_child=1 2 3 -1
right_child=-2 -3 -4 -5
leaf_value=0.0039127754333831777 0.019347631987458206 0.0088274417963640946 -0.017354007122819037 -0.01058835235113899
leaf_weight=37 34 22 34 36
leaf_count=37 34 22 34 36
internal_value=0.000156926 -0.00490109 -0.00772378 -0.00323847
internal_weight=163 129 107 73
internal_count=163 129 107 73
is_linear=0
shrinkage=0.05


Tree=66
num_leaves=5
num_cat=0
split_feature=25 14 3 23
split_gain=5.71171 1.80461 1.66848 1.38514
threshold=4.2142856121063241 0.91023612022399913 4.2500000000000009 3.5000000000000004
decision_type=2 2 2 2
left_child=1 2 3 -1
right_child=-2 -3 -4 -5
leaf_value=0.003717136942479458 0.018380250763969826 0.0083860696102915841 -0.016486306718605407 -0.010058934880524046
leaf_weight=37 34 22 34 36
leaf_count=37 34 22 34 36
internal_value=0.00014908 -0.00465603 -0.00733759 -0.00307654
internal_weight=163 129 107 73
internal_count=163 129 107 73
is_linear=0
shrinkage=0.05


Tree=67
num_leaves=7
num_cat=0
split_feature=28 25 23 4 15 1
split_gain=5.73058 7.63447 2.83982 1.09621 1.0366 0.376826
threshold=-1.0000000180025095e-35 4.0714285373687753 1.5000000000000002 1.0000000180025095e-35 0.29696027934551245 17.500000000000004
decision_type=2 2 2 2 2 2
left_child=2 4 -1 -4 5 -2
right_child=1 -3 3 -5 -6 -7
leaf_value=-0.027331181596964599 -0.0082144392325125392 0.032109810784459118 -0.012911902740597725 0.0032620465298267929 0.007486758244756077 0.00070678577758371836
leaf_weight=20 29 24 20 22 28 20
leaf_count=20 29 24 20 22 28 20
internal_value=0.000141626 0.00748695 -0.0118241 -0.00443983 -0.000187712 -0.00457312
internal_weight=163 101 62 42 77 49
internal_count=163 101 62 42 77 49
is_linear=0
shrinkage=0.05


Tree=68
num_leaves=6
num_cat=0
split_feature=18 25 19 21 18
split_gain=5.25095 8.01107 1.84475 2.45 1.8418
threshold=4.5000000000000009 3.928571462631226 2.5000000000000004 3.5000000000000004 2.5000000000000004
decision_type=2 2 2 2 2
left_child=2 -2 -1 4 -4
right_child=1 -3 3 -5 -6
leaf_value=0.0037177725100061964 -0.0047644548261394871 0.036231197545897556 -0.027485052314485711 0.00019171174464966445 -0.0072491609237410812
leaf_weight=36 26 22 23 34 22
leaf_count=36 26 22 23 34 22
internal_value=0.000134545 0.0140252 -0.0056633 -0.00993822 -0.0175919
internal_weight=163 48 115 79 45
internal_count=163 48 115 79 45
is_linear=0
shrinkage=0.05


Tree=69
num_leaves=7
num_cat=0
split_feature=28 18 23 18 18 22
split_gain=5.48353 11.8588 2.59669 2.39078 1.34948 0.827615
threshold=-1.0000000180025095e-35 3.5000000000000004 1.5000000000000002 1.5000000000000002 4.5000000000000009 3.5000000000000004
decision_type=2 2 2 2 2 2
left_child=2 3 -1 -2 -4 -5
right_child=1 -3 4 5 -6 -7
leaf_value=-0.026405558399856088 -0.014768831470740094 0.034976862819998393 -0.01306143072857098 0.010471575699098734 0.004883890589699149 -0.0030932762533087623
leaf_weight=20 28 28 22 23 20 22
leaf_count=20 28 28 22 23 20 22
internal_value=0.000127817 0.00731306 -0.0115772 -0.00329771 -0.00451604 0.00383987
internal_weight=163 101 62 73 42 45
internal_count=163 101 62 73 42 45
is_linear=0
shrinkage=0.05


Tree=70
num_leaves=6
num_cat=0
split_feature=14 20 28 18 25
split_gain=7.13755 3.55377 4.64493 5.29192 4.03443
threshold=0.91023612022399913 1.5000000000000002 -2.4999999999999996 3.5000000000000004 3.3571429252624516
decision_type=2 2 2 2 2
left_child=1 -1 -3 4 -4
right_child=-2 2 3 -5 -6
leaf_value=0.010538319384679199 0.023748455939652482 -0.030876883559606296 -0.0023287043371237816 0.01136582975966796 -0.029832451538338019
leaf_weight=25 23 22 30 31 24
leaf_count=25 23 22 30 31 24
internal_value=-0.0019556 -0.00643434 -0.0103999 -0.00509999 -0.0145526
internal_weight=155 132 107 85 54
internal_count=155 132 107 85 54
is_linear=0
shrinkage=0.05


Tree=71
num_leaves=6
num_cat=0
split_feature=14 20 27 27 19
split_gain=6.44164 3.20728 3.31997 1.04304 1.1588
threshold=0.91023612022399913 1.5000000000000002 3.9166667461395268 3.3499999046325688 2.5000000000000004
decision_type=2 2 2 2 2
left_child=1 -1 3 -3 -5
right_child=-2 2 -4 4 -6
leaf_value=0.010011403530836106 0.022561033466911837 -0.013333820879840155 -0.024673719321643667 -0.0097300800875845285 0.0050844381549254511
leaf_weight=25 23 24 28 22 33
leaf_count=25 23 24 28 22 33
internal_value=-0.00185782 -0.00611262 -0.00987992 -0.00463654 -0.000841369
internal_weight=155 132 107 79 55
internal_count=155 132 107 79 55
is_linear=0
shrinkage=0.05


Tree=72
num_leaves=6
num_cat=0
split_feature=28 5 27 9 28
split_gain=6.29811 7.5817 4.71031 2.15078 0.49497
threshold=1.5000000000000002 2.5000000000000004 3.9166667461395268 13.500000000000002 -1.0000000180025095e-35
decision_type=2 2 2 2 2
left_child=2 -2 3 -1 -5
right_child=1 -3 -4 4 -6
leaf_value=0.0072285630015863321 0.037047518421895805 -0.0054879921848293052 -0.025695861776226334 -0.013791575700044632 -0.0037388943155140931
leaf_weight=36 20 22 28 25 24
leaf_count=36 20 22 28 25 24
internal_value=-0.00176493 0.014767 -0.00790955 -0.00205052 -0.00886781
internal_weight=155 42 113 85 49
internal_count=155 42 113 85 49
is_linear=0
shrinkage=0.05


Tree=73
num_leaves=6
num_cat=0
split_feature=14 20 27 27 27
split_gain=5.69456 2.83813 2.76083 0.9268 1.07647
threshold=0.91023612022399913 1.5000000000000002 3.9166667461395268 3.3499999046325688 3.6166666746139531
decision_type=2 2 2 2 2
left_child=1 -1 3 -3 -5
right_child=-2 2 -4 4 -6
leaf_value=0.0094905831404030333 0.021282535867320134 -0.012637850417134664 -0.022711663747655361 0.0077050465624779463 -0.0065734816432902318
leaf_weight=25 23 24 28 22 33
leaf_count=25 23 24 28 22 33
internal_value=-0.00167668 -0.00567715 -0.00922102 -0.00443952 -0.00086207
internal_weight=155 132 107 79 55
internal_count=155 132 107 79 55
is_linear=0
shrinkage=0.05


Tree=74
num_leaves=6
num_cat=0
split_feature=28 5 27 9 9
split_gain=5.55993 6.78615 4.01303 1.92673 0.493091
threshold=1.5000000000000002 2.5000000000000004 3.9166667461395268 13.500000000000002 22.500000000000004
decision_type=2 2 2 2 2
left_child=2 -2 3 -1 -5
right_child=1 -3 -4 4 -6
leaf_value=0.006824340376382073 0.03501925356220454 -0.0052227983843873846 -0.023783299188861358 -0.012575942949905737 -0.0023708354216068987
leaf_weight=36 20 22 28 29 20
leaf_count=36 20 22 28 29 20
internal_value=-0.00159285 0.0139401 -0.00736615 -0.00195815 -0.00841059
internal_weight=155 42 113 85 49
internal_count=155 42 113 85 49
is_linear=0
shrinkage=0.05


Tree=75
num_leaves=7
num_cat=0
split_feature=18 28 19 26 1 5
split_gain=6.2309 10.4296 4.54361 3.59905 1.93179 0.227683
threshold=1.5000000000000002 1.5000000000000002 3.5000000000000004 3.8214286565780644 11.500000000000002 2.5000000000000004
decision_type=2 2 2 2 2 2
left_child=-1 2 3 5 -4 -2
right_child=1 -3 4 -5 -6 -7
leaf_value=-0.022384626201043527 0.0017188790580257775 0.032993708068022022 -0.0041040143230929972 0.023354991702806385 -0.02608009027549997 -0.0057353436658602389
leaf_weight=24 20 27 20 21 20 21
leaf_count=24 20 27 20 21 20 21
internal_value=0.00100854 0.00536076 -0.00195384 0.00652242 -0.0150921 -0.00209914
internal_weight=153 129 102 62 40 41
internal_count=153 129 102 62 40 41
is_linear=0
shrinkage=0.05


Tree=76
num_leaves=6
num_cat=0
split_feature=18 28 19 25 14
split_gain=5.62339 9.41271 4.10061 3.40719 1.29934
threshold=1.5000000000000002 1.5000000000000002 3.5000000000000004 3.5000000000000004 1.0000000180025095e-35
decision_type=2 2 2 2 2
left_child=-1 2 3 -2 -4
right_child=1 -3 4 -5 -6
leaf_value=-0.021265394760606193 -0.0037648026262306505 0.031344023502121371 -0.0053258500108495357 0.019988598820502655 -0.023349049761891366
leaf_weight=24 36 27 20 26 20
leaf_count=24 36 27 20 26 20
internal_value=0.000958117 0.00509272 -0.00185615 0.0061963 -0.0143374
internal_weight=153 129 102 62 40
internal_count=153 129 102 62 40
is_linear=0
shrinkage=0.05


Tree=77
num_leaves=7
num_cat=0
split_feature=18 28 19 22 27 4
split_gain=5.07511 8.49498 3.7008 3.171 0.232276 0.200594
threshold=1.5000000000000002 1.5000000000000002 3.5000000000000004 2.5000000000000004 3.6833333969116215 1.0000000180025095e-35
decision_type=2 2 2 2 2 2
left_child=-1 2 3 -2 -5 -4
right_child=1 -3 5 4 -6 -7
leaf_value=-0.020202125135498742 0.022272820072248581 0.029776821480374097 -0.010079795825113251 -0.0054618188053030866 0.0019832882517948746 -0.017161359125748277
leaf_weight=24 20 27 20 22 20 20
leaf_count=24 20 27 20 22 20 20
internal_value=0.000910211 0.00483809 -0.00176334 0.00588649 -0.00191653 -0.0136206
internal_weight=153 129 102 62 42 40
internal_count=153 129 102 62 42 40
is_linear=0
shrinkage=0.05


Tree=78
num_leaves=6
num_cat=0
split_feature=18 28 18 28 11
split_gain=4.71023 8.38546 2.50759 2.17099 0.553775
threshold=4.5000000000000009 -1.4999999999999998 1.5000000000000002 1.0000000180025095e-35 23.500000000000004
decision_type=2 2 2 2 2
left_child=2 -2 -1 4 -4
right_child=1 -3 3 -5 -6
leaf_value=-0.019192018825560809 -0.0049408399786513586 0.037539319844827772 -0.013864954582161524 0.0081556210206267798 -0.0027689252696607427
leaf_weight=24 26 21 22 37 23
leaf_count=24 26 21 22 37 23
internal_value=0.0008647 0.0140397 -0.00497703 -0.00081654 -0.00819365
internal_weight=153 47 106 82 45
internal_count=153 47 106 82 45
is_linear=0
shrinkage=0.05


Tree=79
num_leaves=6
num_cat=0
split_feature=26 21 19 26 1
split_gain=4.40286 1.94303 1.84637 1.51294 1.41486
threshold=4.3785715103149423 4.5000000000000009 3.5000000000000004 3.5357142686843877 13.500000000000002
decision_type=2 2 2 2 2
left_child=1 2 4 -4 -1
right_child=-2 -3 3 -5 -6
leaf_value=0.0090941506923864716 0.02098652764183024 0.0071313742755187886 -0.0045612133063730742 -0.023323864991437984 -0.0076425137355857131
leaf_weight=23 23 36 21 22 28
leaf_count=23 23 36 21 22 28
internal_value=0.000821465 -0.0027462 -0.0065291 -0.0141607 -9.46062e-05
internal_weight=153 130 94 43 51
internal_count=153 130 94 43 51
is_linear=0
shrinkage=0.05


Tree=80
num_leaves=6
num_cat=0
split_feature=4 18 17 26 14
split_gain=4.97035 4.58085 2.67163 2.07746 1.13641
threshold=1.0000000180025095e-35 4.5000000000000009 -0.56174489110708226 3.7500000000000004 0.29696027934551245
decision_type=2 2 2 2 2
left_child=3 2 -2 -1 -4
right_child=1 -3 4 -5 -6
leaf_value=-0.0036352135914352701 0.014151598441336925 0.023980808245639008 0.0010969405353534968 -0.023324951828856553 -0.014635603923604572
leaf_weight=37 24 30 24 21 22
leaf_count=37 24 30 24 21 22
internal_value=0.000880247 0.00763406 0.000628309 -0.0107643 -0.00642732
internal_weight=158 100 70 58 46
internal_count=158 100 70 58 46
is_linear=0
shrinkage=0.05


Tree=81
num_leaves=6
num_cat=0
split_feature=28 28 18 1 25
split_gain=5.99587 3.01246 2.24094 1.90204 1.21969
threshold=2.5000000000000004 -1.0000000180025095e-35 3.5000000000000004 17.500000000000004 3.3571429252624516
decision_type=2 2 2 2 2
left_child=1 3 4 -1 -3
right_child=-2 2 -4 -5 -6
leaf_value=-0.017884281094908753 0.02571438786884149 0.0043961546134336721 0.015571544237005023 0.00050230841575698421 -0.011336063320579176
leaf_weight=39 21 28 26 22 22
leaf_count=39 21 28 26 22 22
internal_value=0.000836235 -0.00297721 0.00366525 -0.0112531 -0.00252602
internal_weight=158 137 76 61 50
internal_count=158 137 76 61 50
is_linear=0
shrinkage=0.05


Tree=82
num_leaves=6
num_cat=0
split_feature=28 28 21 1 25
split_gain=5.41127 2.71875 2.0464 1.71659 1.00109
threshold=2.5000000000000004 -1.0000000180025095e-35 2.5000000000000004 17.500000000000004 3.5000000000000004
decision_type=2 2 2 2 2
left_child=1 3 -3 -1 -4
right_child=-2 2 4 -5 -6
leaf_value=-0.016990067100582217 0.024428668700247295 0.015200537003576757 0.0038390774022916269 0.00047719292342662811 -0.010305251801301811
leaf_weight=39 21 25 29 22 22
leaf_count=39 21 25 29 22 22
internal_value=0.000794423 -0.00282834 0.00348199 -0.0106904 -0.0022624
internal_weight=158 137 76 61 51
internal_count=158 137 76 61 51
is_linear=0
shrinkage=0.05


Tree=83
num_leaves=6
num_cat=0
split_feature=28 26 9 25 28
split_gain=4.88367 2.47833 1.21277 1.27643 0.460339
threshold=2.5000000000000004 4.0357143878936776 18.500000000000004 3.5000000000000004 -1.0000000180025095e-35
decision_type=2 2 2 2 2
left_child=1 2 3 -1 -4
right_child=-2 -3 4 -5 -6
leaf_value=-0.0010968040623993147 0.023207234380589355 -0.014625394712625582 -0.010556109790645895 0.013521295406722597 -0.00031701303795789897
leaf_weight=32 21 33 21 28 23
leaf_count=32 21 33 21 28 23
internal_value=0.000754701 -0.00268693 0.00110124 0.00572498 -0.00520385
internal_weight=158 137 104 60 44
internal_count=158 137 104 60 44
is_linear=0
shrinkage=0.05


Tree=84
num_leaves=6
num_cat=0
split_feature=28 25 1 7 9
split_gain=4.48384 4.75027 1.52599 0.817457 0.195981
threshold=-1.0000000180025095e-35 3.928571462631226 17.500000000000004 3.5000000000000004 12.500000000000002
decision_type=2 2 2 2 2
left_child=2 3 -1 -2 -5
right_child=1 -3 -4 4 -6
leaf_value=-0.015844214101059316 0.0092680108896456663 0.025681103111352202 0.00062478346834805886 -0.0065178458578884603 -0.0001694245109965484
leaf_weight=39 20 26 22 20 31
leaf_count=39 20 26 22 20 31
internal_value=0.000716967 0.00739649 -0.00990458 0.00070072 -0.002659
internal_weight=158 97 61 71 51
internal_count=158 97 61 71 51
is_linear=0
shrinkage=0.05


Tree=85
num_leaves=7
num_cat=0
split_feature=1 18 28 28 25 21
split_gain=3.86991 2.52101 5.10945 1.80204 1.7816 0.599688
threshold=18.500000000000004 2.5000000000000004 1.0000000180025095e-35 -2.4999999999999996 3.0714285373687749 2.5000000000000004
decision_type=2 2 2 2 2 2
left_child=1 4 3 -3 -1 -5
right_child=-2 2 -4 5 -6 -7
leaf_value=-0.0065773999532684688 0.013767782462039782 -0.018974826888491711 0.019327149086166173 0.0044723851745948192 -0.02659887319430709 -0.0076252352712409838
leaf_weight=25 31 24 23 20 20 21
leaf_count=25 31 24 23 20 20 21
internal_value=-0.00214125 -0.00584937 -0.000926746 -0.00809351 -0.0154758 -0.00172396
internal_weight=164 133 88 65 45 41
internal_count=164 133 88 65 45 41
is_linear=0
shrinkage=0.05


Tree=86
num_leaves=7
num_cat=0
split_feature=1 18 28 28 25 27
split_gain=3.4926 2.27521 4.61128 1.62634 1.60789 0.576499
threshold=18.500000000000004 2.5000000000000004 1.0000000180025095e-35 -2.4999999999999996 3.0714285373687749 3.6500000953674321
decision_type=2 2 2 2 2 2
left_child=1 4 3 -3 -1 -5
right_child=-2 2 -4 5 -6 -7
leaf_value=-0.0062485296428203586 0.013079393108660776 -0.018026085415234171 0.018360791367519162 -0.0077131172013469047 -0.025268929153680803 0.004148295863221089
leaf_weight=25 31 24 23 20 20 21
leaf_count=25 31 24 23 20 20 21
internal_value=-0.00203419 -0.0055569 -0.000880409 -0.00768883 -0.014702 -0.00163776
internal_weight=164 133 88 65 45 41
internal_count=164 133 88 65 45 41
is_linear=0
shrinkage=0.05


Tree=87
num_leaves=7
num_cat=0
split_feature=1 28 27 3 26 16
split_gain=3.15207 1.64369 1.7165 0.663614 1.02714 0.546121
threshold=18.500000000000004 -2.4999999999999996 4.0166666507720956 3.7500000000000004 3.3928571939468388 1.0000000180025095e-35
decision_type=2 2 2 2 2 2
left_child=1 -1 3 4 -3 -5
right_child=-2 2 -4 5 -6 -7
leaf_value=-0.017124781105667352 0.012425423255791108 -0.003101712886406028 0.0094620609038468945 0.0037309989080708678 -0.01859486079774797 -0.0075661706365644926
leaf_weight=24 31 23 23 23 20 20
leaf_count=24 31 23 23 23 20 20
internal_value=-0.00193248 -0.00527906 -0.00267082 -0.00591566 -0.0103078 -0.0015235
internal_weight=164 133 109 86 43 43
internal_count=164 133 109 86 43 43
is_linear=0
shrinkage=0.05


Tree=88
num_leaves=6
num_cat=0
split_feature=28 26 25 21 1
split_gain=2.88827 5.74855 2.88245 1.11161 0.726933
threshold=1.5000000000000002 3.6071428060531621 3.928571462631226 2.5000000000000004 16.000000000000004
decision_type=2 2 2 2 2
left_child=2 -2 3 -1 -5
right_child=1 -3 -4 4 -6
leaf_value=0.0058377220295369632 -0.0098790992051362991 0.024436910897314264 -0.020458093953008454 -0.010239279151169791 0.0014663254653680185
leaf_weight=31 23 26 27 36 21
leaf_count=31 23 26 27 36 21
internal_value=-0.00183585 0.0083294 -0.00616713 -0.00178241 -0.00592669
internal_weight=164 49 115 88 57
internal_count=164 49 115 88 57
is_linear=0
shrinkage=0.05


Tree=89
num_leaves=7
num_cat=0
split_feature=1 18 28 25 28 21
split_gain=2.75672 1.56211 3.7984 1.8208 1.26241 0.513192
threshold=20.500000000000004 2.5000000000000004 1.0000000180025095e-35 3.2142857313156132 -2.4999999999999996 2.5000000000000004
decision_type=2 2 2 2 2 2
left_child=1 3 4 -1 -3 -6
right_child=-2 2 -4 -5 5 -7
leaf_value=-0.0035692978329185786 0.014306500873467682 -0.015359365293290468 0.017075491728989974 -0.023179648206569255 0.0046260593459010128 -0.0062185932300053539
leaf_weight=29 23 25 23 20 20 24
leaf_count=29 23 25 23 20 20 24
internal_value=-0.00174406 -0.00436224 -0.000521444 -0.0115735 -0.00638709 -0.00128921
internal_weight=164 141 92 49 69 44
internal_count=164 141 92 49 69 44
is_linear=0
shrinkage=0.05


Tree=90
num_leaves=5
num_cat=0
split_feature=1 16 23 19
split_gain=5.68862 3.0174 2.54978 1.61768
threshold=20.500000000000004 -0.87837970256805409 4.5000000000000009 3.5000000000000004
decision_type=2 2 2 2
left_child=1 -1 3 -3
right_child=-2 2 -4 -5
leaf_value=0.011883101268456533 0.022818598713725807 -0.0052852130633451655 0.0049590253240118431 -0.020511952726960634
leaf_weight=26 25 37 30 33
leaf_count=26 25 37 30 33
internal_value=0.00103145 -0.0032914 -0.00723677 -0.0124635
internal_weight=151 126 100 70
internal_count=151 126 100 70
is_linear=0
shrinkage=0.05


Tree=91
num_leaves=6
num_cat=0
split_feature=1 5 25 21 19
split_gain=5.13398 2.9466 1.74764 1.93077 0.250348
threshold=20.500000000000004 1.5000000000000002 4.0714285373687753 2.5000000000000004 2.5000000000000004
decision_type=2 2 2 2 2
left_child=1 -1 3 -3 -5
right_child=-2 2 -4 4 -6
leaf_value=0.011514520307106001 0.021677668727934363 0.0073345943216096476 -0.018863573833368719 -0.013304273862476377 -0.0060571699376361305
leaf_weight=27 25 27 24 22 26
leaf_count=27 25 27 24 22 26
internal_value=0.000979878 -0.00312683 -0.00711992 -0.00336195 -0.00937876
internal_weight=151 126 99 75 48
internal_count=151 126 99 75 48
is_linear=0
shrinkage=0.05


Tree=92
num_leaves=6
num_cat=0
split_feature=18 25 25 20 18
split_gain=4.82895 6.62552 2.78051 1.3894 0.315962
threshold=4.5000000000000009 4.0714285373687753 4.0714285373687753 4.5000000000000009 2.5000000000000004
decision_type=2 2 2 2 2
left_child=2 -2 3 4 -1
right_child=1 -3 -4 -5 -6
leaf_value=-0.0089901689688364674 -0.0016265966479356089 0.03499142942684038 -0.021153461614052172 0.0086896673589944833 -0.0012008298967924455
leaf_weight=30 30 21 22 25 23
leaf_count=30 30 21 22 25 23
internal_value=0.000930884 0.0134514 -0.00545459 -0.0010267 -0.00560989
internal_weight=151 51 100 78 53
internal_count=151 51 100 78 53
is_linear=0
shrinkage=0.05


Tree=93
num_leaves=5
num_cat=0
split_feature=1 16 23 19
split_gain=4.51858 2.6199 2.21879 1.38495
threshold=20.500000000000004 -0.87837970256805409 4.5000000000000009 3.5000000000000004
decision_type=2 2 2 2
left_child=1 -1 3 -3
right_child=-2 2 -4 -5
leaf_value=0.01117131991374593 0.020302030857652427 -0.0048784862045903469 0.0047319974882217746 -0.01896744615805801
leaf_weight=26 25 37 30 33
leaf_count=26 25 37 30 33
internal_value=0.00088434 -0.00296838 -0.0066447 -0.0115204
internal_weight=151 126 100 70
internal_count=151 126 100 70
is_linear=0
shrinkage=0.05


Tree=94
num_leaves=6
num_cat=0
split_feature=18 28 25 4 15
split_gain=4.25348 6.26731 2.35603 1.3795 1.75166
threshold=4.5000000000000009 -1.4999999999999998 4.0714285373687753 1.0000000180025095e-35 -0.5163939595222472
decision_type=2 2 2 2 2
left_child=2 -2 3 -1 -5
right_child=1 -3 -4 4 -6
leaf_value=-0.0086412329459562894 -0.0026754878878850362 0.032714908597567545 -0.019603743984109977 -0.0061601796955801551 0.013875315055095903
leaf_weight=34 29 22 22 20 24
leaf_count=34 29 22 22 20 24
internal_value=0.000840123 0.012591 -0.0051528 -0.0010769 0.00476827
internal_weight=151 51 100 78 44
internal_count=151 51 100 78 44
is_linear=0
shrinkage=0.05


Tree=95
num_leaves=6
num_cat=0
split_feature=11 18 4 1 27
split_gain=3.0185 3.10512 1.97626 1.4302 0.492126
threshold=10.500000000000002 1.5000000000000002 1.0000000180025095e-35 17.500000000000004 3.716666698455811
decision_type=2 2 2 2 2
left_child=-1 -2 4 -4 -3
right_child=1 2 3 -5 -6
leaf_value=0.012866779759285914 -0.022618793896981515 -0.0043664530711248518 -0.0017020842636396227 0.013516676053404808 -0.014749081313077892
leaf_weight=31 20 25 38 26 21
leaf_count=31 20 25 38 26 21
internal_value=-0.00115306 -0.00449626 -0.00120125 0.00448054 -0.00910635
internal_weight=161 130 110 64 46
internal_count=161 130 110 64 46
is_linear=0
shrinkage=0.05


Tree=96
num_leaves=6
num_cat=0
split_feature=11 18 25 6 11
split_gain=2.72419 2.80237 1.9582 0.555931 0.427132
threshold=10.500000000000002 1.5000000000000002 3.928571462631226 2.5000000000000004 25.500000000000004
decision_type=2 2 2 2 2
left_child=-1 -2 3 -3 -5
right_child=1 2 -4 4 -6
leaf_value=0.012223439363221969 -0.021487854360602798 -0.00084203498016436099 0.0086244086402335347 -0.0042258535604923963 -0.01432185710026798
leaf_weight=31 20 33 35 20 22
leaf_count=31 20 33 35 20 22
internal_value=-0.00109541 -0.00427145 -0.00114119 -0.00569847 -0.00951424
internal_weight=161 130 110 75 42
internal_count=161 130 110 75 42
is_linear=0
shrinkage=0.05


Tree=97
num_leaves=6
num_cat=0
split_feature=11 18 25 27 15
split_gain=2.45858 2.52914 1.76728 0.532334 0.519939
threshold=10.500000000000002 1.5000000000000002 3.928571462631226 3.4166667461395268 -1.7225463847432912e-16
decision_type=2 2 2 2 2
left_child=-1 -2 3 -3 -5
right_child=1 2 -4 4 -6
leaf_value=0.011612268873760778 -0.020413461457937959 -0.011951743170290931 0.0081931880229551887 0.0011557982754752491 -0.0090609407331794494
leaf_weight=31 20 22 35 33 20
leaf_count=31 20 22 35 33 20
internal_value=-0.00104064 -0.00405787 -0.00108413 -0.00541354 -0.00269957
internal_weight=161 130 110 75 53
internal_count=161 130 110 75 53
is_linear=0
shrinkage=0.05


Tree=98
num_leaves=6
num_cat=0
split_feature=22 25 16 1 1
split_gain=3.28558 4.78939 1.45308 1.07084 0.820362
threshold=2.5000000000000004 3.5000000000000004 1.0000000180025095e-35 14.500000000000002 11.500000000000002
decision_type=2 2 2 2 2
left_child=1 -1 4 -4 -2
right_child=2 -3 3 -5 -6
leaf_value=-0.0060908932719030418 -0.0060677017756881058 0.021056911416323574 0.0080394965330404904 -0.0077455744073218246 -0.018511187202400633
leaf_weight=32 26 33 21 22 27
leaf_count=32 26 33 21 22 27
internal_value=-0.000988609 0.00769184 -0.00686599 -3.65863e-05 -0.0124068
internal_weight=161 65 96 43 53
internal_count=161 65 96 43 53
is_linear=0
shrinkage=0.05


Tree=99
num_leaves=6
num_cat=0
split_feature=22 25 16 1 1
split_gain=2.96524 4.32242 1.31141 0.966437 0.740376
threshold=2.5000000000000004 3.5000000000000004 1.0000000180025095e-35 14.500000000000002 11.500000000000002
decision_type=2 2 2 2 2
left_child=1 -1 4 -4 -2
right_child=2 -3 3 -5 -6
leaf_value=-0.0057863482332322748 -0.0057643168534223851 0.020004066720492011 0.0076375217487414677 -0.0073582951085303314 -0.017585628164104288
leaf_weight=32 26 33 21 22 27
leaf_count=32 26 33 21 22 27
internal_value=-0.000939178 0.00730725 -0.0065227 -3.47566e-05 -0.0117865
internal_weight=161 65 96 43 53
internal_count=161 65 96 43 53
is_linear=0
shrinkage=0.05


Tree=100
num_leaves=6
num_cat=0
split_feature=28 18 27 15 20
split_gain=3.09972 5.90587 1.95126 1.61881 1.57751
threshold=-1.0000000180025095e-35 3.5000000000000004 3.7500000000000004 -0.78574731945991505 3.5000000000000004
decision_type=2 2 2 2 2
left_child=4 2 3 -2 -1
right_child=1 -3 -4 -5 -6
leaf_value=-0.0018964349872722117 -0.0064388014841824772 0.024619832919591411 -0.013425568826496601 0.012821995109940568 -0.017967281053559141
leaf_weight=37 20 29 25 24 26
leaf_count=37 20 29 25 24 26
internal_value=0.00012404 0.00568661 -0.00227083 0.00406709 -0.00852885
internal_weight=161 98 69 44 63
internal_count=161 98 69 44 63
is_linear=0
shrinkage=0.05


Tree=101
num_leaves=6
num_cat=0
split_feature=28 18 27 15 20
split_gain=2.7975 5.33005 1.76101 1.46098 1.4237
threshold=-1.0000000180025095e-35 3.5000000000000004 3.7500000000000004 -0.78574731945991505 3.5000000000000004
decision_type=2 2 2 2 2
left_child=4 2 3 -2 -1
right_child=1 -3 -4 -5 -6
leaf_value=-0.0018016132154829196 -0.0061168613168410962 0.023388841256081802 -0.01275429012067616 0.012180895629959804 -0.017068916875331738
leaf_weight=37 20 29 25 24 26
leaf_count=37 20 29 25 24 26
internal_value=0.000117838 0.00540228 -0.00215729 0.00386373 -0.00810241
internal_weight=161 98 69 44 63
internal_count=161 98 69 44 63
is_linear=0
shrinkage=0.05


Tree=102
num_leaves=6
num_cat=0
split_feature=28 25 9 9 22
split_gain=2.52474 5.12928 1.59813 1.1878 0.806659
threshold=-1.0000000180025095e-35 3.928571462631226 10.500000000000002 19.500000000000004 3.5000000000000004
decision_type=2 2 2 2 2
left_child=2 4 -1 -4 -2
right_child=1 -3 3 -5 -6
leaf_value=-0.019374117029365152 -0.0064633531422403304 0.025218255328945817 0.0058528428897261621 -0.010771864382106634 0.0039811532310624091
leaf_weight=20 38 24 22 21 36
leaf_count=20 38 24 22 21 36
internal_value=0.000111946 0.00513217 -0.00769728 -0.0022662 -0.00138224
internal_weight=161 98 63 43 74
internal_count=161 98 63 43 74
is_linear=0
shrinkage=0.05


Tree=103
num_leaves=7
num_cat=0
split_feature=28 18 27 9 20 9
split_gain=2.27858 4.63719 1.64044 1.44231 1.30346 1.07199
threshold=-1.0000000180025095e-35 3.5000000000000004 3.7500000000000004 10.500000000000002 3.5000000000000004 19.500000000000004
decision_type=2 2 2 2 2 2
left_child=3 2 4 -1 -2 -5
right_child=1 -3 -4 5 -6 -7
leaf_value=-0.018405410926789045 -0.0045874761235292841 0.021652384153727829 -0.012403366554528476 0.005560200720686804 0.012641980512333768 -0.010233270891365552
leaf_weight=20 23 29 25 22 21 21
leaf_count=20 23 29 25 22 21 21
internal_value=0.000106349 0.00487556 -0.00217557 -0.00731242 0.00363567 -0.00215289
internal_weight=161 98 69 63 44 43
internal_count=161 98 69 63 44 43
is_linear=0
shrinkage=0.05


Tree=104
num_leaves=6
num_cat=0
split_feature=1 5 15 27 19
split_gain=2.47167 1.9049 2.62521 0.575787 1.3003
threshold=18.500000000000004 1.5000000000000002 0.70581671595573436 3.6166666746139531 3.5000000000000004
decision_type=2 2 2 2 2
left_child=1 -1 3 -3 -5
right_child=-2 2 -4 4 -6
leaf_value=0.0083373936811507784 0.011855512336561723 0.0025806070990203062 -0.022611347204074265 0.0029126969831330435 -0.014295837655663491
leaf_weight=28 35 34 20 21 23
leaf_count=28 35 34 20 21 23
internal_value=0.000101031 -0.0031641 -0.00645024 -0.00230637 -0.00608267
internal_weight=161 126 98 78 44
internal_count=161 126 98 78 44
is_linear=0
shrinkage=0.05


Tree=105
num_leaves=7
num_cat=0
split_feature=18 28 18 27 17 6
split_gain=5.2003 3.21675 4.88987 1.80185 1.06212 0.505162
threshold=5.5000000000000009 1.0000000180025095e-35 2.5000000000000004 3.9166667461395268 -0.56174489110708226 3.5000000000000004
decision_type=2 2 2 2 2 2
left_child=1 3 4 5 -3 -1
right_child=-2 2 -4 -5 -6 -7
leaf_value=5.3286798779041539e-05 0.025521986009553077 0.0045437777459266639 0.023726642371155321 -0.021364971893351705 -0.010709244679659606 -0.0098534582754258408
leaf_weight=31 20 21 25 21 25 22
leaf_count=31 20 21 25 21 25 22
internal_value=0.00162124 -0.00167541 0.00592752 -0.00897012 -0.00374591 -0.00405895
internal_weight=165 145 71 74 46 53
internal_count=165 145 71 74 46 53
is_linear=0
shrinkage=0.05


Tree=106
num_leaves=7
num_cat=0
split_feature=18 17 3 11 7 4
split_gain=4.69327 2.37404 2.73346 2.82907 0.956372 0.488027
threshold=5.5000000000000009 1.0000000180025095e-35 3.1499999761581425 23.500000000000004 5.5000000000000009 1.0000000180025095e-35
decision_type=2 2 2 2 2 2
left_child=1 2 4 -4 -1 -3
right_child=-2 5 3 -5 -6 -7
leaf_value=-0.013923814613372089 0.024245887508732269 -0.0043604243814479565 0.025140170274036273 0.00086284256207623663 0.00061941233087474347 -0.014443690848226349
leaf_weight=20 20 20 21 28 26 30
leaf_count=20 20 20 21 28 26 30
internal_value=0.00154018 -0.00159164 0.00304981 0.0112674 -0.00570373 -0.0104104
internal_weight=165 145 95 49 46 50
internal_count=165 145 95 49 46 50
is_linear=0
shrinkage=0.05


Tree=107
num_leaves=7
num_cat=0
split_feature=18 28 18 26 17 19
split_gain=4.23568 2.83126 3.08321 1.8948 1.3091 0.676853
threshold=5.5000000000000009 -1.0000000180025095e-35 3.5000000000000004 3.4642857313156132 1.0000000180025095e-35 2.5000000000000004
decision_type=2 2 2 2 2 2
left_child=1 3 4 -1 5 -3
right_child=-2 2 -4 -5 -6 -7
leaf_value=-0.00019153525121510032 0.02303359318524599 0.0095659512339625521 0.018431445403490215 -0.020662075617852119 -0.012443209398493527 -0.0020909496498378844
leaf_weight=20 20 20 25 26 21 33
leaf_count=20 20 20 25 26 21 33
internal_value=0.00146317 -0.00151206 0.00325047 -0.0117618 -0.00187824 0.00230788
internal_weight=165 145 99 46 74 53
internal_count=165 145 99 46 74 53
is_linear=0
shrinkage=0.05


Tree=108
num_leaves=7
num_cat=0
split_feature=18 28 18 11 17 9
split_gain=3.8227 2.66054 4.23548 1.60426 0.884548 0.354237
threshold=5.5000000000000009 1.0000000180025095e-35 2.5000000000000004 17.500000000000004 -0.56174489110708226 15.500000000000002
decision_type=2 2 2 2 2 2
left_child=1 3 4 -1 -3 -5
right_child=-2 2 -4 5 -6 -7
leaf_value=-0.018696604009407262 0.021881913216784597 0.0040401344830613764 0.02204336728155613 -0.0065514196465113047 -0.0098795662596821779 0.0019755236460782945
leaf_weight=24 20 21 25 29 25 21
leaf_count=24 20 21 25 29 25 21
internal_value=0.00139001 -0.00143645 0.005478 -0.00807059 -0.00352492 -0.0029701
internal_weight=165 145 71 74 46 50
internal_count=165 145 71 74 46 50
is_linear=0
shrinkage=0.05


Tree=109
num_leaves=7
num_cat=0
split_feature=18 28 18 27 27 6
split_gain=3.44999 2.40114 3.82252 1.47352 0.806611 0.42687
threshold=5.5000000000000009 1.0000000180025095e-35 2.5000000000000004 3.9166667461395268 3.6166666746139531 3.5000000000000004
decision_type=2 2 2 2 2 2
left_child=1 3 4 5 -3 -1
right_child=-2 2 -4 -5 -6 -7
leaf_value=0.0005543347147683944 0.020787816755473615 0.0032723207067212332 0.020941198733635247 -0.018875891121015662 -0.0099696692028690293 -0.0085524158255959101
leaf_weight=31 20 23 25 21 23 22
leaf_count=31 20 23 25 21 23 22
internal_value=0.00132051 -0.00136463 0.0052041 -0.00766706 -0.00334867 -0.00322583
internal_weight=165 145 71 74 46 53
internal_count=165 145 71 74 46 53
is_linear=0
shrinkage=0.05


Tree=110
num_leaves=6
num_cat=0
split_feature=25 28 17 1 21
split_gain=3.91028 2.36241 0.896328 0.980017 0.538487
threshold=4.357142686843873 -2.4999999999999996 -0.56174489110708226 8.5000000000000018 3.5000000000000004
decision_type=2 2 2 2 2
left_child=1 -1 -3 -4 -5
right_child=-2 2 3 4 -6
leaf_value=-0.018531008606607263 0.017309552679459255 0.0064640387503459356 0.0057600480726077447 -0.01117080928379437 -0.0013770323991775515
leaf_weight=22 27 32 21 32 25
leaf_count=22 27 32 21 32 25
internal_value=-2.7709e-05 -0.00357397 -0.000582559 -0.00347347 -0.00687529
internal_weight=159 132 110 78 57
internal_count=159 132 110 78 57
is_linear=0
shrinkage=0.05


Tree=111
num_leaves=6
num_cat=0
split_feature=25 28 18 11 9
split_gain=3.52903 2.13208 0.824043 0.952143 0.649116
threshold=4.357142686843873 -2.4999999999999996 1.5000000000000002 34.500000000000007 17.500000000000004
decision_type=2 2 2 2 2
left_child=1 -1 -3 4 -4
right_child=-2 2 3 -5 -6
leaf_value=-0.017604458044198426 0.016444074541882233 -0.0081410558618329187 0.0032928051608097225 0.011419508834369482 -0.0069629641905151031
leaf_weight=22 27 27 36 20 27
leaf_count=22 27 27 36 20 27
internal_value=-2.63235e-05 -0.00339527 -0.000553431 0.00191483 -0.00110252
internal_weight=159 132 110 83 63
internal_count=159 132 110 83 63
is_linear=0
shrinkage=0.05


Tree=112
num_leaves=6
num_cat=0
split_feature=25 28 17 1 21
split_gain=3.18495 1.9242 0.813449 0.887594 0.480877
threshold=4.357142686843873 -2.4999999999999996 -0.56174489110708226 8.5000000000000018 3.5000000000000004
decision_type=2 2 2 2 2
left_child=1 -1 -3 -4 -5
right_child=-2 2 3 4 -6
leaf_value=-0.01672423520040783 0.015621870894123008 0.0061871537356637425 0.005507567489431018 -0.010576454235706479 -0.0013213925883173944
leaf_weight=22 27 32 21 32 25
leaf_count=22 27 32 21 32 25
internal_value=-2.50074e-05 -0.00322551 -0.000525759 -0.00327977 -0.00651722
internal_weight=159 132 110 78 57
internal_count=159 132 110 78 57
is_linear=0
shrinkage=0.05


Tree=113
num_leaves=6
num_cat=0
split_feature=28 26 9 3 25
split_gain=3.05223 4.78097 1.49554 1.15364 0.517077
threshold=-1.0000000180025095e-35 4.1785714626312265 20.500000000000004 2.2500000000000004 3.3571429252624516
decision_type=2 2 2 2 2
left_child=3 2 4 -1 -2
right_child=1 -3 -4 -5 -6
leaf_value=-0.00026683250519757474 0.00015199308982118966 0.027251360965892674 0.0093649347830149863 -0.014342354676006613 -0.0099346126464230043
leaf_weight=24 24 20 27 37 27
leaf_count=24 24 20 27 37 27
internal_value=-2.37569e-05 0.00544177 -0.000150429 -0.00880444 -0.00518797
internal_weight=159 98 78 61 51
internal_count=159 98 78 61 51
is_linear=0
shrinkage=0.05


Tree=114
num_leaves=6
num_cat=0
split_feature=25 28 17 1 21
split_gain=2.79308 1.60885 0.720259 0.830133 0.402095
threshold=4.357142686843873 -2.4999999999999996 -0.56174489110708226 8.5000000000000018 3.5000000000000004
decision_type=2 2 2 2 2
left_child=1 -1 -3 -4 -5
right_child=-2 2 3 4 -6
leaf_value=-0.015362844362177634 0.014630141743907222 0.0057656132557895035 0.0053555944047513461 -0.0099853167281253267 -0.0015222677793353798
leaf_weight=22 27 32 21 32 25
leaf_count=22 27 32 21 32 25
internal_value=-2.2569e-05 -0.00301971 -0.000551088 -0.00314256 -0.00627345
internal_weight=159 132 110 78 57
internal_count=159 132 110 78 57
is_linear=0
shrinkage=0.05


Tree=115
num_leaves=7
num_cat=0
split_feature=3 15 26 26 26 27
split_gain=1.91723 3.19183 3.63012 1.39795 1.31942 1.08954
threshold=3.1499999761581425 -0.17992616817355153 3.5357142686843877 3.5357142686843877 4.0357143878936776 3.6500000953674321
decision_type=2 2 2 2 2 2
left_child=4 2 -2 -3 5 -1
right_child=1 3 -4 -5 -6 -7
leaf_value=-0.0090985484554299296 -0.00022888061833906581 0.0028647347392203909 0.029203714830800892 -0.01479999019010436 -0.017026310827097168 0.0057706336956471205
leaf_weight=28 22 24 20 21 23 22
leaf_count=28 22 24 20 21 23 22
internal_value=-0.00114011 0.00387348 0.0137866 -0.0053788 -0.00711521 -0.00255611
internal_weight=160 87 42 45 73 50
internal_count=160 87 42 45 73 50
is_linear=0
shrinkage=0.05


Tree=116
num_leaves=7
num_cat=0
split_feature=1 25 5 27 6 26
split_gain=3.25349 3.56245 0.649975 0.484334 0.811603 0.469678
threshold=20.500000000000004 4.2142856121063241 1.5000000000000002 3.5499999523162846 3.5000000000000004 3.2500000000000004
decision_type=2 2 2 2 2 2
left_child=1 2 -1 5 -5 -4
right_child=-2 -3 3 4 -6 -7
leaf_value=0.0070593971273173461 0.015103303390340165 -0.021677252215643726 -0.00085977705311961476 0.0083765717456117279 -0.0049568313658237464 -0.011566027332585127
leaf_weight=23 26 24 20 21 25 21
leaf_count=23 26 24 20 21 25 21
internal_value=-0.00108311 -0.00422375 -0.000415716 -0.0023919 0.00113016 -0.00634347
internal_weight=160 134 110 87 46 41
internal_count=160 134 110 87 46 41
is_linear=0
shrinkage=0.05


Tree=117
num_leaves=7
num_cat=0
split_feature=1 28 26 27 23 20
split_gain=2.93628 1.68557 1.0477 0.56175 0.341671 0.157113
threshold=20.500000000000004 -2.4999999999999996 3.7500000000000004 3.3166666030883794 2.5000000000000004 3.5000000000000004
decision_type=2 2 2 2 2 2
left_child=1 -1 3 -3 -5 -4
right_child=-2 2 5 4 -6 -7
leaf_value=-0.016018093352128442 0.01434813802345441 -0.0038092675143464785 -0.0045518703979905697 0.001005392430704974 0.0097384196204075135 -0.010744042996139755
leaf_weight=24 26 24 20 21 24 21
leaf_count=24 26 24 20 21 24 21
internal_value=-0.00102895 -0.00401256 -0.00139318 0.0023683 0.00566301 -0.00772347
internal_weight=160 134 110 69 45 41
internal_count=160 134 110 69 45 41
is_linear=0
shrinkage=0.05


Tree=118
num_leaves=7
num_cat=0
split_feature=1 25 26 25 23 15
split_gain=2.64999 3.08237 0.490486 0.72078 0.525393 0.0938661
threshold=20.500000000000004 4.2142856121063241 3.8928571939468388 3.6428570747375493 4.5000000000000009 1.0000000180025095e-35
decision_type=2 2 2 2 2 2
left_child=1 2 3 4 5 -1
right_child=-2 -3 -4 -5 -6 -7
leaf_value=-0.0051127970662145396 0.013630731421737716 -0.020046870410442355 0.0062237850511851524 -0.0098091656723144384 0.0065366868007307247 -0.00032658784650266173
leaf_weight=21 26 24 23 22 24 20
leaf_count=21 26 24 23 22 24 20
internal_value=-0.000977503 -0.00381194 -0.000269769 -0.00198646 0.000661231 -0.00277806
internal_weight=160 134 110 87 65 41
internal_count=160 134 110 87 65 41
is_linear=0
shrinkage=0.05


end of trees

feature_importances:
quantity_used_diff=148
quantity_lag_1=106
quantity_rolling_mean_7=64
day_of_month=35
quantity_lag_3=30
quantity_rolling_mean_14=30
quantity_rolling_mean_30=27
region=26
quantity_lag_5=19
lead_time_days=14
day_of_week_cos=14
week_of_year=12
week_sin=11
quantity_lag_7=11
quantity_lag_14=11
week_cos=10
quantity_lag_30=8
shipping_mode=7
day_of_week=7
late_delivery_risk=6
day_of_week_sin=6
month=2
month_cos=2
month_sin=1

parameters:
[boosting: gbdt]
[objective: regression]
[metric: rmse]
[tree_learner: serial]
[device_type: cpu]
[data_sample_strategy: bagging]
[data: ]
[valid: ]
[num_iterations: 500]
[learning_rate: 0.05]
[num_leaves: 31]
[num_threads: 0]
[seed: 42]
[deterministic: 0]
[force_col_wise: 0]
[force_row_wise: 0]
[histogram_pool_size: -1]
[max_depth: -1]
[min_data_in_leaf: 20]
[min_sum_hessian_in_leaf: 0.001]
[bagging_fraction: 0.8]
[pos_bagging_fraction: 1]
[neg_bagging_fraction: 1]
[bagging_freq: 5]
[bagging_seed: 400]
[bagging_by_query: 0]
[feature_fraction: 0.9]
[feature_fraction_bynode: 1]
[feature_fraction_seed: 30056]
[extra_trees: 0]
[extra_seed: 12879]
[early_stopping_round: 0]
[early_stopping_min_delta: 0]
[first_metric_only: 0]
[max_delta_step: 0]
[lambda_l1: 0]
[lambda_l2: 0]
[linear_lambda: 0]
[min_gain_to_split: 0]
[drop_rate: 0.1]
[max_drop: 50]
[skip_drop: 0.5]
[xgboost_dart_mode: 0]
[uniform_drop: 0]
[drop_seed: 17869]
[top_rate: 0.2]
[other_rate: 0.1]
[min_data_per_group: 100]
[max_cat_threshold: 32]
[cat_l2: 10]
[cat_smooth: 10]
[max_cat_to_onehot: 4]
[top_k: 20]
[monotone_constraints: ]
[monotone_constraints_method: basic]
[monotone_penalty: 0]
[feature_contri: ]
[forcedsplits_filename: ]
[refit_decay_rate: 0.9]
[cegb_tradeoff: 1]
[cegb_penalty_split: 0]
[cegb_penalty_feature_lazy: ]
[cegb_penalty_feature_coupled: ]
[path_smooth: 0]
[interaction_constraints: ]
[verbosity: -1]
[saved_feature_importance_type: 0]
[use_quantized_grad: 0]
[num_grad_quant_bins: 4]
[quant_train_renew_leaf: 0]
[stochastic_rounding: 1]
[linear_tree: 0]
[max_bin: 255]
[max_bin_by_feature: ]
[min_data_in_bin: 3]
[bin_construct_sample_cnt: 200000]
[data_random_seed: 175]
[is_enable_sparse: 1]
[enable_bundle: 1]
[use_missing: 1]
[zero_as_missing: 0]
[feature_pre_filter: 1]
[pre_partition: 0]
[two_round: 0]
[header: 0]
[label_column: ]
[weight_column: ]
[group_column: ]
[ignore_column: ]
[categorical_feature: ]
[forcedbins_filename: ]
[precise_float_parser: 0]
[parser_config_file: ]
[objective_seed: 16083]
[num_class: 1]
[is_unbalance: 0]
[scale_pos_weight: 1]
[sigmoid: 1]
[boost_from_average: 1]
[reg_sqrt: 0]
[alpha: 0.9]
[fair_c: 1]
[poisson_max_delta_step: 0.7]
[tweedie_variance_power: 1.5]
[lambdarank_truncation_level: 30]
[lambdarank_norm: 1]
[label_gain: ]
[lambdarank_position_bias_regularization: 0]
[eval_at: ]
[multi_error_top_k: 1]
[auc_mu_weights: ]
[num_machines: 1]
[local_listen_port: 12400]
[time_out: 120]
[machine_list_filename: ]
[machines: ]
[gpu_platform_id: -1]
[gpu_device_id: -1]
[gpu_use_dp: 0]
[num_gpu: 1]

end of parameters

pandas_categorical:null
