tree
version=v4
num_class=1
num_tree_per_iteration=1
label_index=0
max_feature_idx=29
objective=regression
feature_names=material region unit_price lead_time_days late_delivery_risk shipping_mode day_of_week month is_weekend day_of_month quarter week_of_year month_sin month_cos week_sin week_cos day_of_week_sin day_of_week_cos quantity_lag_1 quantity_lag_3 quantity_lag_5 quantity_lag_7 quantity_lag_14 quantity_lag_30 price_lag_7 quantity_rolling_mean_7 quantity_rolling_mean_14 quantity_rolling_mean_30 quantity_used_diff unit_price_diff
feature_infos=none [1:22] none [0:6] [0:1] [0:3] [0:6] [1:12] [0:1] [1:31] [1:4] [1:53] [-1:1] [-1:1] [-1:1] [-1:1] [-0.97492790222167969:0.97492790222167969] [-0.90096884965896606:1] [0:13] [0:13] [0:13] [0:13] [0:13] [0:8] none [2.2857143878936768:5.1428570747375488] [2.7000000476837158:4.5714287757873535] [2.7000000476837158:4.0999999046325684] [-11:11] none
tree_sizes=616 571 650 573 568 653 564 651 655 653 649 653 648 651 652 647 570 570 568 649 570 571 664 660 575 572 571 572 572 567 653 656 662 657 573 659 658 659 659 659 575 577 578 578 578 663 661 662 662 665 656 654 666 650 657 577 657 576 662 576 496 582 659 577 580 578 580 668 585 581 656 660 663 658 659 583 576 661 661 660 660 659 663 661 579 664 662 748 662 664 665 659 658 668 668 580 577 584 582 670 662 661 666 662 581 665 665 580 667 667 662 665 667 753 667 583 663 664 747 583 667 748 741 744 668 664 663 658 663 665 579 582 581 671 669

Tree=0
num_leaves=6
num_cat=0
split_feature=28 28 18 25 13
split_gain=186.99 82.1077 33.3091 9.06932 2.25195
threshold=-1.4999999999999998 2.5000000000000004 2.5000000000000004 3.6428570747375493 -0.25000000000000006
decision_type=2 2 2 2 2
left_child=4 2 -2 -4 -1
right_child=1 -3 3 -5 -6
leaf_value=3.428396872457987 3.4647605088216236 3.6198304388915536 3.5192150542761689 3.5637864828475974 3.405215054276169
leaf_weight=22 22 26 25 21 20
leaf_count=22 22 26 25 21 20
internal_value=3.50507 3.54426 3.51536 3.53956 3.41736
internal_weight=136 94 68 46 42
internal_count=136 94 68 46 42
is_linear=0
shrinkage=1


Tree=1
num_leaves=5
num_cat=0
split_feature=28 28 18 28
split_gain=169.263 60.9065 34.871 13.6897
threshold=-1.0000000180025095e-35 2.5000000000000004 2.5000000000000004 -2.4999999999999996
decision_type=2 2 2 2
left_child=3 2 -2 -1
right_child=1 -3 -4 -5
leaf_value=-0.094241576548665773 -0.039904692698092686 0.10362386199144216 0.042042607989381343 -0.043669675031433937
leaf_weight=32 21 26 34 23
leaf_count=32 21 26 34 23
internal_value=-0.00540046 0.0405638 0.0107536 -0.0730933
internal_weight=136 81 55 55
internal_count=136 81 55 55
is_linear=0
shrinkage=0.05


Tree=2
num_leaves=6
num_cat=0
split_feature=28 28 18 25 15
split_gain=153.563 66.5917 27.5866 7.97186 3.70928
threshold=-1.4999999999999998 2.5000000000000004 2.5000000000000004 3.6428570747375493 -0.40966403484344477
decision_type=2 2 2 2 2
left_child=4 2 -2 -4 -1
right_child=1 -3 3 -5 -6
leaf_value=-0.06975597930806024 -0.041688779809258204 0.098442667722702035 0.0073085127472877504 0.049096280691169558 -0.099474032010350918
leaf_weight=21 22 26 25 21 21
leaf_count=21 22 26 25 21 21
internal_value=-0.00513044 0.0303839 0.00436149 0.0263855 -0.084615
internal_weight=136 94 68 46 42
internal_count=136 94 68 46 42
is_linear=0
shrinkage=0.05


Tree=3
num_leaves=5
num_cat=0
split_feature=28 28 18 28
split_gain=139.836 49.0952 28.7091 10.8767
threshold=-1.0000000180025095e-35 2.5000000000000004 2.5000000000000004 -2.4999999999999996
decision_type=2 2 2 2
left_child=3 2 -2 -1
right_child=1 -3 -4 -5
leaf_value=-0.085252312850207096 -0.035825018088022874 0.093520537248024574 0.038530358453007313 -0.040174739062786104
leaf_weight=32 21 26 34 23
leaf_count=32 21 26 34 23
internal_value=-0.00487391 0.0369042 0.0101401 -0.0664017
internal_weight=136 81 55 55
internal_count=136 81 55 55
is_linear=0
shrinkage=0.05


Tree=4
num_leaves=5
num_cat=0
split_feature=28 28 18 28
split_gain=126.202 44.3084 25.91 9.8162
threshold=-1.0000000180025095e-35 2.5000000000000004 2.5000000000000004 -2.4999999999999996
decision_type=2 2 2 2
left_child=3 2 -2 -1
right_child=1 -3 -4 -5
leaf_value=-0.0809896981343627 -0.034033767382303876 0.088844507760726499 0.036603840966435042 -0.038166002248940262
leaf_weight=32 21 26 34 23
leaf_count=32 21 26 34 23
internal_value=-0.00463022 0.035059 0.00963312 -0.0630816
internal_weight=136 81 55 55
internal_count=136 81 55 55
is_linear=0
shrinkage=0.05


Tree=5
num_leaves=6
num_cat=0
split_feature=28 25 15 19 15
split_gain=119.743 61.0527 21.6027 14.9495 5.24236
threshold=-1.4999999999999998 3.5000000000000004 -0.29696027934551233 3.5000000000000004 -0.40966403484344477
decision_type=2 2 2 2 2
left_child=4 3 -3 -2 -1
right_child=1 2 -4 -5 -6
leaf_value=-0.054427009560167799 0.017431502552270623 0.10027453538854247 0.035178875928744677 -0.035220411101965089 -0.090629098117351536
leaf_weight=20 28 26 25 26 20
leaf_count=20 28 26 25 26 20
internal_value=0.00108855 0.029133 0.0683649 -0.00791942 -0.0725281
internal_weight=145 105 51 54 40
internal_count=145 105 51 54 40
is_linear=0
shrinkage=0.05


Tree=6
num_leaves=5
num_cat=0
split_feature=25 20 6 25
split_gain=56.2769 18.0188 11.1656 9.66512
threshold=3.6428570747375493 4.5000000000000009 3.5000000000000004 3.1714285612106328
decision_type=2 2 2 2
left_child=2 -2 3 -1
right_child=1 -3 -4 -5
leaf_value=-0.055663656573742629 0.070682861807721639 0.012364967453938265 0.000142030612401226 -0.014817811601928303
leaf_weight=30 27 26 34 28
leaf_count=30 27 26 34 28
internal_value=0.00103412 0.0420741 -0.0226085 -0.035945
internal_weight=145 53 92 58
internal_count=145 53 92 58
is_linear=0
shrinkage=0.05


Tree=7
num_leaves=6
num_cat=0
split_feature=28 18 28 18 15
split_gain=107.149 50.3647 40.867 33.3043 4.5482
threshold=-1.4999999999999998 1.5000000000000002 1.5000000000000002 4.5000000000000009 -0.40966403484344477
decision_type=2 2 2 2 2
left_child=4 -2 3 -3 -1
right_child=1 2 -4 -5 -6
leaf_value=-0.051795342359691854 -0.032851115603429765 -0.009918980905786157 0.098721669843563675 0.071116185188293463 -0.085515517443418509
leaf_weight=20 26 32 26 21 20
leaf_count=20 26 32 26 21 20
internal_value=0.000982412 0.0275111 0.0473772 0.0221893 -0.0686554
internal_weight=145 105 79 53 40
internal_count=145 105 79 53 40
is_linear=0
shrinkage=0.05


Tree=8
num_leaves=6
num_cat=0
split_feature=28 25 15 19 15
split_gain=96.7022 47.4624 18.8364 12.9112 4.10475
threshold=-1.4999999999999998 3.5000000000000004 -0.29696027934551233 3.5000000000000004 -0.40966403484344477
decision_type=2 2 2 2 2
left_child=4 3 -3 -2 -1
right_child=1 2 -4 -5 -6
leaf_value=-0.04920557507546619 0.017025788753692591 0.090523123182356363 0.029737937800586225 -0.031905313509588057 -0.081239742189645775
leaf_weight=20 28 26 25 26 20
leaf_count=20 28 26 25 26 20
internal_value=0.000933291 0.0261356 0.0607265 -0.00653363 -0.0652227
internal_weight=145 105 51 54 40
internal_count=145 105 51 54 40
is_linear=0
shrinkage=0.05


Tree=9
num_leaves=6
num_cat=0
split_feature=28 28 18 18 15
split_gain=87.2738 45.416 41.2735 15.6172 3.70454
threshold=-1.4999999999999998 2.5000000000000004 2.5000000000000004 4.5000000000000009 -0.40966403484344477
decision_type=2 2 2 2 2
left_child=4 2 -2 -4 -1
right_child=1 -3 3 -5 -6
leaf_value=-0.046745296651497487 -0.044190779052398821 0.082148842635349592 0.0094530897845904668 0.065297963186388919 -0.077177755832672126
leaf_weight=20 27 26 31 21 20
leaf_count=20 27 26 31 21 20
internal_value=0.000886626 0.0248288 0.00596395 0.0320058 -0.0619615
internal_weight=145 105 79 52 40
internal_count=145 105 79 52 40
is_linear=0
shrinkage=0.05


Tree=10
num_leaves=6
num_cat=0
split_feature=28 28 18 1 9
split_gain=73.1855 33.0427 43.2808 2.6803 1.22938
threshold=-1.4999999999999998 2.5000000000000004 3.5000000000000004 11.500000000000002 17.500000000000004
decision_type=2 2 2 2 2
left_child=3 2 -2 -1 -4
right_child=1 -3 4 -5 -6
leaf_value=-0.044121396467089652 -0.034121502406503024 0.065837670558442682 0.03162781869294122 -0.069697169170138393 0.049159056544303893
leaf_weight=20 38 30 20 21 20
leaf_count=20 38 30 20 21 20
internal_value=-0.000347771 0.0212431 0.00409129 -0.0572212 0.0403934
internal_weight=149 108 78 41 40
internal_count=149 108 78 41 40
is_linear=0
shrinkage=0.05


Tree=11
num_leaves=6
num_cat=0
split_feature=28 18 26 3 26
split_gain=66.0499 30.0056 26.9741 9.41936 4.77717
threshold=-1.4999999999999998 1.5000000000000002 3.6785713434219365 3.7500000000000004 3.3928571939468388
decision_type=2 2 2 2 2
left_child=4 -2 3 -3 -1
right_child=1 2 -4 -5 -6
leaf_value=-0.071848845034837724 -0.021355003707351224 0.037664050494249056 0.079583659596741199 -0.0048966788901732526 -0.037704197148836799
leaf_weight=20 31 26 25 26 21
leaf_count=20 31 26 25 26 21
internal_value=-0.000330383 0.0201809 0.0369032 0.0163837 -0.0543601
internal_weight=149 108 77 52 41
internal_count=149 108 77 52 41
is_linear=0
shrinkage=0.05


Tree=12
num_leaves=6
num_cat=0
split_feature=28 28 18 26 9
split_gain=59.61 29.8822 36.5839 4.3114 1.12309
threshold=-1.4999999999999998 2.5000000000000004 3.5000000000000004 3.3928571939468388 17.500000000000004
decision_type=2 2 2 2 2
left_child=3 2 -2 -1 -4
right_child=1 -3 4 -5 -6
leaf_value=-0.068256403058767331 -0.03227126686588714 0.061580202020704744 0.027858444696175867 -0.035818987836440407 0.044614714477211243
leaf_weight=20 38 30 20 21 20
leaf_count=20 38 30 20 21 20
internal_value=-0.000313864 0.0191719 0.00286096 -0.0516421 0.0362366
internal_weight=149 108 78 41 40
internal_count=149 108 78 41 40
is_linear=0
shrinkage=0.05


Tree=13
num_leaves=6
num_cat=0
split_feature=28 18 26 18 22
split_gain=54.2168 35.3595 17.8612 8.79333 4.0489
threshold=-1.0000000180025095e-35 1.5000000000000002 3.6785713434219365 4.5000000000000009 2.5000000000000004
decision_type=2 2 2 2 2
left_child=3 -2 4 -1 -3
right_child=1 2 -4 -5 -6
leaf_value=-0.064213742315769193 -0.020944289911177853 0.0091766707878559832 0.08193449601531029 -0.023404390098188413 0.040260680798779841
leaf_weight=22 31 20 21 33 22
leaf_count=22 31 20 21 33 22
internal_value=-0.00029817 0.0227726 0.044284 -0.0397281 0.0254588
internal_weight=149 94 63 55 42
internal_count=149 94 63 55 42
is_linear=0
shrinkage=0.05


Tree=14
num_leaves=6
num_cat=0
split_feature=25 22 6 19 21
split_gain=28.736 13.9536 7.86667 9.61337 6.51191
threshold=3.7857142686843877 3.5000000000000004 2.5000000000000004 4.5000000000000009 3.5000000000000004
decision_type=2 2 2 2 2
left_child=2 -2 4 -4 -1
right_child=1 -3 3 -5 -6
leaf_value=-0.04875947450372306 0.0072858176617459818 0.064990578163415191 0.014338757459902103 -0.028896248135715726 -0.012685082872109166
leaf_weight=22 22 20 36 20 29
leaf_count=22 22 20 36 20 29
internal_value=-0.000283262 0.0347643 -0.0140402 -0.00110232 -0.0282466
internal_weight=149 42 107 56 51
internal_count=149 42 107 56 51
is_linear=0
shrinkage=0.05


Tree=15
num_leaves=6
num_cat=0
split_feature=28 28 18 25 6
split_gain=62.2273 22.0526 39.951 11.123 2.02868
threshold=1.5000000000000002 -2.4999999999999996 3.5000000000000004 3.5000000000000004 3.5000000000000004
decision_type=2 2 2 2 2
left_child=1 -1 -3 -2 -4
right_child=3 2 4 -5 -6
leaf_value=-0.05372196445541997 0.027880340743632544 -0.043230626854513371 0.017574498695321381 0.079342254499594367 0.039577157456766481
leaf_weight=31 21 35 20 21 22
leaf_count=31 21 35 20 21 22
internal_value=0.00196939 -0.0181136 -0.00377772 0.0536113 0.0290997
internal_weight=150 108 77 42 42
internal_count=150 108 77 42 42
is_linear=0
shrinkage=0.05


Tree=16
num_leaves=5
num_cat=0
split_feature=28 28 18 25
split_gain=56.1602 20.2758 35.2496 10.0385
threshold=1.5000000000000002 -1.4999999999999998 3.5000000000000004 3.5000000000000004
decision_type=2 2 2 2
left_child=1 -1 -3 -2
right_child=3 2 -4 -5
leaf_value=-0.046611738204956059 0.026486323680728674 -0.038815875182097614 0.032262643018259193 0.075375143686930338
leaf_weight=38 21 33 37 21
leaf_count=38 21 33 37 21
internal_value=0.00187092 -0.0172079 -0.0012458 0.0509307
internal_weight=150 108 70 42
internal_count=150 108 70 42
is_linear=0
shrinkage=0.05


Tree=17
num_leaves=5
num_cat=0
split_feature=28 28 25 25
split_gain=50.6846 18.2989 10.308 9.05974
threshold=1.5000000000000002 -1.4999999999999998 3.3095238208770756 3.5000000000000004
decision_type=2 2 2 2
left_child=1 -1 -3 -2
right_child=3 2 -4 -5
leaf_value=-0.044281150606509889 0.025162007440147655 -0.021500115423943058 0.016936703107470797 0.071606386381955378
leaf_weight=38 21 33 37 21
leaf_count=38 21 33 37 21
internal_value=0.00177738 -0.0163475 -0.00118351 0.0483842
internal_weight=150 108 70 42
internal_count=150 108 70 42
is_linear=0
shrinkage=0.05


Tree=18
num_leaves=5
num_cat=0
split_feature=28 28 18 18
split_gain=46.1304 19.2685 26.4975 7.28856
threshold=2.5000000000000004 -1.4999999999999998 2.5000000000000004 4.5000000000000009
decision_type=2 2 2 2
left_child=1 -1 -3 -4
right_child=-2 2 3 -5
leaf_value=-0.042067093049225054 0.054934127465821804 -0.039142365698461183 0.005477640132109325 0.04288906773309345
leaf_weight=38 32 27 30 23
leaf_count=38 32 27 30 23
internal_value=0.00168851 -0.012751 0.00117417 0.0217128
internal_weight=150 118 80 53
internal_count=150 118 80 53
is_linear=0
shrinkage=0.05


Tree=19
num_leaves=6
num_cat=0
split_feature=28 28 18 25 6
split_gain=42.1888 15.0902 30.0931 7.93346 1.72906
threshold=1.5000000000000002 -2.4999999999999996 3.5000000000000004 3.5000000000000004 3.5000000000000004
decision_type=2 2 2 2 2
left_child=1 -1 -3 -2 -4
right_child=3 2 4 -5 -6
leaf_value=-0.044387867037327063 0.022394912469843847 -0.037314470559358597 0.014820847436785698 0.065856611444836566 0.035133816166357565
leaf_weight=31 21 35 20 21 22
leaf_count=31 21 35 20 21 22
internal_value=0.00160408 -0.0149321 -0.00307332 0.0441258 0.025461
internal_weight=150 108 77 42 42
internal_count=150 108 77 42 42
is_linear=0
shrinkage=0.05


Tree=20
num_leaves=5
num_cat=0
split_feature=28 18 25 18
split_gain=29.6179 16.1357 13.9129 7.54291
threshold=-1.0000000180025095e-35 1.5000000000000002 3.7857142686843877 4.5000000000000009
decision_type=2 2 2 2
left_child=3 -2 -3 -1
right_child=1 2 -4 -5
leaf_value=-0.050080534398555754 -0.01696866823360324 0.012911612686308983 0.06362274419738069 -0.014528497993140608
leaf_weight=25 25 38 21 37
leaf_count=25 25 38 21 37
internal_value=-0.00265113 0.0166965 0.0309613 -0.028864
internal_weight=146 84 59 62
internal_count=146 84 59 62
is_linear=0
shrinkage=0.05


Tree=21
num_leaves=5
num_cat=0
split_feature=28 18 25 18
split_gain=26.7301 14.5625 12.5564 6.80748
threshold=-1.0000000180025095e-35 1.5000000000000002 3.7857142686843877 4.5000000000000009
decision_type=2 2 2 2
left_child=3 -2 -3 -1
right_child=1 2 -4 -5
leaf_value=-0.04757650750875473 -0.016120235064299777 0.012266032052177349 0.06044160689094237 -0.013802072969642845
leaf_weight=25 25 38 21 37
leaf_count=25 25 38 21 37
internal_value=-0.00251858 0.0158616 0.0294133 -0.0274208
internal_weight=146 84 59 62
internal_count=146 84 59 62
is_linear=0
shrinkage=0.05


Tree=22
num_leaves=6
num_cat=0
split_feature=28 18 28 18 16
split_gain=24.4801 20.5515 19.1507 9.90922 2.27468
threshold=-1.4999999999999998 4.5000000000000009 1.0000000180025095e-35 1.5000000000000002 1.0000000180025095e-35
decision_type=2 2 2 2 2
left_child=4 2 -2 -4 -1
right_child=1 -3 3 -5 -6
leaf_value=-0.045633882805705073 -0.032312300459792213 0.052808489634290995 -0.0071473344317859126 0.038647748315189447 -0.023010818243026736
leaf_weight=20 30 23 21 27 25
leaf_count=20 30 23 21 27 25
internal_value=-0.00239265 0.0112735 -0.000974023 0.0186124 -0.0330655
internal_weight=146 101 78 48 45
internal_count=146 101 78 48 45
is_linear=0
shrinkage=0.05


Tree=23
num_leaves=6
num_cat=0
split_feature=28 18 28 18 21
split_gain=22.0933 18.5477 17.2835 8.94307 3.45799
threshold=-1.4999999999999998 4.5000000000000009 1.0000000180025095e-35 1.5000000000000002 3.5000000000000004
decision_type=2 2 2 2 2
left_child=4 2 -2 -4 -1
right_child=1 -3 3 -5 -6
leaf_value=-0.044967979743428858 -0.030696685587366424 0.050168065078880476 -0.0067899679099874839 0.036715360770553901 -0.017240326817740095
leaf_weight=23 30 23 21 27 22
leaf_count=23 30 23 21 27 22
internal_value=-0.00227302 0.0107098 -0.000925322 0.0176818 -0.0314122
internal_weight=146 101 78 48 45
internal_count=146 101 78 48 45
is_linear=0
shrinkage=0.05


Tree=24
num_leaves=5
num_cat=0
split_feature=28 18 28 18
split_gain=20.1803 11.7617 21.0899 6.00585
threshold=1.5000000000000002 3.5000000000000004 -2.4999999999999996 4.5000000000000009
decision_type=2 2 2 2
left_child=1 -1 -3 -4
right_child=-2 2 3 -5
leaf_value=-0.039341627719501657 0.030944987192217794 -0.032689223416587886 -4.5907599004832179e-05 0.035774019777774814
leaf_weight=30 35 34 22 25
leaf_count=30 35 34 22 25
internal_value=-0.00215937 -0.0125977 -0.00269251 0.0190072
internal_weight=146 111 81 47
internal_count=146 111 81 47
is_linear=0
shrinkage=0.05


Tree=25
num_leaves=5
num_cat=0
split_feature=28 28 18 21
split_gain=30.9802 9.77374 16.7019 2.51119
threshold=2.5000000000000004 -1.4999999999999998 2.5000000000000004 3.5000000000000004
decision_type=2 2 2 2
left_child=1 -1 -3 -4
right_child=-2 2 3 -5
leaf_value=-0.032982288125074574 0.048157480579835404 -0.031665178920541492 0.0061289202887564904 0.029515782371163368
leaf_weight=36 27 28 24 22
leaf_count=36 27 28 24 22
internal_value=0.000165736 -0.0116141 -0.0012187 0.0173139
internal_weight=137 110 74 46
internal_count=137 110 74 46
is_linear=0
shrinkage=0.05


Tree=26
num_leaves=5
num_cat=0
split_feature=28 28 18 21
split_gain=27.9597 8.8208 15.0735 2.26635
threshold=2.5000000000000004 -1.4999999999999998 2.5000000000000004 3.5000000000000004
decision_type=2 2 2 2
left_child=1 -1 -3 -4
right_child=-2 2 3 -5
leaf_value=-0.031333173449254702 0.045749605474648652 -0.030081919753657923 0.0058224740981434788 0.028039993684400213
leaf_weight=36 27 28 24 22
leaf_count=36 27 28 24 22
internal_value=0.00015745 -0.0110334 -0.00115776 0.0164482
internal_weight=137 110 74 46
internal_count=137 110 74 46
is_linear=0
shrinkage=0.05


Tree=27
num_leaves=5
num_cat=0
split_feature=28 28 18 3
split_gain=25.2336 7.96077 13.6038 1.83918
threshold=2.5000000000000004 -1.4999999999999998 2.5000000000000004 3.7500000000000004
decision_type=2 2 2 2
left_child=1 -1 -3 -4
right_child=-2 2 3 -5
leaf_value=-0.029766515295745602 0.043462125846633205 -0.028577824016766892 0.025197977464025217 0.0051834920421242716
leaf_weight=36 27 28 24 22
leaf_count=36 27 28 24 22
internal_value=0.000149577 -0.0104817 -0.00109988 0.0156258
internal_weight=137 110 74 46
internal_count=137 110 74 46
is_linear=0
shrinkage=0.05


Tree=28
num_leaves=5
num_cat=0
split_feature=28 28 18 21
split_gain=22.7733 7.1846 12.2774 2.05347
threshold=2.5000000000000004 -1.4999999999999998 2.5000000000000004 3.5000000000000004
decision_type=2 2 2 2
left_child=1 -1 -3 -4
right_child=-2 2 3 -5
leaf_value=-0.028278189406005873 0.041289019225924102 -0.027148933178146501 0.0047301170454981424 0.025878457420251591
leaf_weight=36 27 28 24 22
leaf_count=36 27 28 24 22
internal_value=0.000142098 -0.0099576 -0.00104488 0.0148445
internal_weight=137 110 74 46
internal_count=137 110 74 46
is_linear=0
shrinkage=0.05


Tree=29
num_leaves=5
num_cat=0
split_feature=28 15 18 28
split_gain=20.9736 9.3195 8.06507 14.5533
threshold=1.5000000000000002 -0.29696027934551233 3.5000000000000004 -2.4999999999999996
decision_type=2 2 2 2
left_child=2 -2 -1 -4
right_child=1 -3 3 -5
leaf_value=-0.03397383442148566 0.05473444428294897 0.0064656522229779509 -0.028659863489835215 0.018202786474815897
leaf_weight=30 20 20 30 37
leaf_count=30 20 20 30 37
internal_value=0.000134993 0.0306 -0.0124279 -0.00278049
internal_weight=137 40 97 67
internal_count=137 40 97 67
is_linear=0
shrinkage=0.05


Tree=30
num_leaves=6
num_cat=0
split_feature=28 19 18 6 20
split_gain=11.5301 9.01633 7.64884 3.75923 1.01564
threshold=-1.4999999999999998 3.5000000000000004 2.5000000000000004 3.5000000000000004 3.5000000000000004
decision_type=2 2 2 2 2
left_child=4 3 -3 -2 -1
right_child=1 2 -4 -5 -6
leaf_value=-0.033087824201211334 0.010012168316170574 -0.025391546638372044 0.010619369075344555 0.036388308799227657 -0.017153247520909645
leaf_weight=20 35 30 29 22 20
leaf_count=20 35 30 29 22 20
internal_value=-0.00197203 0.00601021 -0.00769127 0.0201924 -0.0251205
internal_weight=156 116 59 57 40
internal_count=156 116 59 57 40
is_linear=0
shrinkage=0.05


Tree=31
num_leaves=6
num_cat=0
split_feature=25 19 6 22 3
split_gain=6.56766 2.57588 2.23949 1.55004 1.20092
threshold=4.0714285373687753 4.5000000000000009 2.5000000000000004 3.5000000000000004 3.7500000000000004
decision_type=2 2 2 2 2
left_child=1 2 3 -1 -4
right_child=-2 -3 4 -5 -6
leaf_value=0.00063678986247396097 0.022186500971050314 -0.01703383379544203 0.013696427253307775 -0.018038312457501888 -0.0021210129683216414
leaf_weight=20 24 39 24 25 24
leaf_count=20 24 39 24 25 24
internal_value=-0.00187343 -0.00624797 -0.00172486 -0.00973827 0.00578771
internal_weight=156 132 93 45 48
internal_count=156 132 93 45 48
is_linear=0
shrinkage=0.05


Tree=32
num_leaves=6
num_cat=0
split_feature=28 18 18 27 28
split_gain=10.2311 8.56106 6.04785 4.04846 1.69742
threshold=-1.0000000180025095e-35 1.5000000000000002 4.5000000000000009 3.6833333969116215 1.0000000180025095e-35
decision_type=2 2 2 2 2
left_child=2 -2 -1 4 -3
right_child=1 3 -4 -5 -6
leaf_value=-0.038572768786031275 -0.015088559288515485 0.00075172977522015578 -0.0051729761185759513 0.03497076496820558 0.01946153593387201
leaf_weight=23 29 27 33 22 22
leaf_count=23 29 27 33 22 22
internal_value=-0.00177976 0.00780239 -0.0188907 0.0171522 0.00915205
internal_weight=156 100 56 71 49
internal_count=156 100 56 71 49
is_linear=0
shrinkage=0.05


Tree=33
num_leaves=6
num_cat=0
split_feature=28 19 18 25 20
split_gain=9.44256 7.82147 6.48388 4.40567 0.910931
threshold=-1.4999999999999998 3.5000000000000004 2.5000000000000004 3.5000000000000004 3.5000000000000004
decision_type=2 2 2 2 2
left_child=4 3 -3 -2 -1
right_child=1 2 -4 -5 -6
leaf_value=-0.030184615459293129 0.0077210719643958986 -0.023525228245804709 0.0096301320972370704 0.036275142702189365 -0.015093799468595535
leaf_weight=20 35 30 29 22 20
leaf_count=20 35 30 29 22 20
internal_value=-0.00169077 0.00553282 -0.00722853 0.0187419 -0.0226392
internal_weight=156 116 59 57 40
internal_count=156 116 59 57 40
is_linear=0
shrinkage=0.05


Tree=34
num_leaves=5
num_cat=0
split_feature=25 19 23 6
split_gain=5.27762 1.96938 1.99583 3.32971
threshold=4.0714285373687753 4.5000000000000009 1.5000000000000002 3.5000000000000004
decision_type=2 2 2 2
left_child=1 2 -1 -4
right_child=-2 -3 3 -5
leaf_value=0.0080761396846569643 0.01996168004892146 -0.014958663568951381 -0.016627351781870758 0.007727427638905205
leaf_weight=34 24 39 36 23
leaf_count=34 24 39 36 23
internal_value=-0.00160623 -0.00552767 -0.00157274 -0.00713312
internal_weight=156 132 93 59
internal_count=156 132 93 59
is_linear=0
shrinkage=0.05


Tree=35
num_leaves=6
num_cat=0
split_feature=28 25 28 19 13
split_gain=14.8177 6.65334 5.15737 1.77542 0.61302
threshold=2.5000000000000004 3.7857142686843877 1.0000000180025095e-35 2.5000000000000004 -0.25000000000000006
decision_type=2 2 2 2 2
left_child=1 2 3 -1 -5
right_child=-2 -3 -4 4 -6
leaf_value=-0.011362427150554679 0.031828488212389254 0.012932946436728042 0.0061720968871984798 -0.034146024808287621 -0.0217664064449491
leaf_weight=27 30 30 23 20 20
leaf_count=27 30 30 23 20 20
internal_value=0.000398447 -0.00745906 -0.0142564 -0.0212692 -0.0279562
internal_weight=150 120 90 67 40
internal_count=150 120 90 67 40
is_linear=0
shrinkage=0.05


Tree=36
num_leaves=6
num_cat=0
split_feature=28 18 28 28 18
split_gain=13.373 6.52584 9.76633 8.92087 2.16685
threshold=2.5000000000000004 4.5000000000000009 1.0000000180025095e-35 -2.4999999999999996 3.5000000000000004
decision_type=2 2 2 2 2
left_child=1 2 4 -3 -1
right_child=-2 3 -4 -5 -6
leaf_value=-0.043205884595712028 0.030237064265335602 -0.015775744498453356 0.0054531438928097494 0.027879969025030732 -0.020751670735295526
leaf_weight=21 30 22 30 25 22
leaf_count=21 30 22 30 25 22
internal_value=0.000378525 -0.00708611 -0.016442 0.00744538 -0.0317177
internal_weight=150 120 73 47 43
internal_count=150 120 73 47 43
is_linear=0
shrinkage=0.05


Tree=37
num_leaves=6
num_cat=0
split_feature=28 18 28 28 18
split_gain=12.0691 5.88957 8.81411 8.05108 1.95558
threshold=2.5000000000000004 4.5000000000000009 1.0000000180025095e-35 -2.4999999999999996 3.5000000000000004
decision_type=2 2 2 2 2
left_child=1 2 4 -3 -1
right_child=-2 3 -4 -5 -6
leaf_value=-0.041045590170792179 0.028725210620711247 -0.014986957033926791 0.0051804868473360943 0.026485970145091416 -0.019714087535711855
leaf_weight=21 30 22 30 25 22
leaf_count=21 30 22 30 25 22
internal_value=0.000359599 -0.0067318 -0.0156199 0.00707311 -0.0301318
internal_weight=150 120 73 47 43
internal_count=150 120 73 47 43
is_linear=0
shrinkage=0.05


Tree=38
num_leaves=6
num_cat=0
split_feature=28 25 20 3 28
split_gain=10.8924 5.34405 4.85623 2.87822 1.61346
threshold=2.5000000000000004 2.928571462631226 2.5000000000000004 2.2500000000000004 -1.0000000180025095e-35
decision_type=2 2 2 2 2
left_child=1 -1 -3 -4 -5
right_child=-2 2 3 4 -6
leaf_value=-0.029305078791609658 0.027288950252113864 0.015258910385891795 0.0066014819734153303 -0.025149324536323549 -0.006799318958073855
leaf_weight=21 30 30 21 23 25
leaf_count=21 30 30 21 23 25
internal_value=0.000341619 -0.00639521 -0.00153555 -0.00883748 -0.015592
internal_weight=150 120 99 69 48
internal_count=150 120 99 69 48
is_linear=0
shrinkage=0.05


Tree=39
num_leaves=6
num_cat=0
split_feature=28 18 28 28 18
split_gain=9.83037 5.19445 7.63773 7.08219 1.69857
threshold=2.5000000000000004 4.5000000000000009 1.0000000180025095e-35 -2.4999999999999996 3.5000000000000004
decision_type=2 2 2 2 2
left_child=1 2 4 -3 -1
right_child=-2 3 -4 -5 -6
leaf_value=-0.03810275367328099 0.025924502895213666 -0.013800918064291843 0.0049400619735630851 0.025096540853381158 -0.018222351795570416
leaf_weight=21 30 22 30 25 22
leaf_count=21 30 22 30 25 22
internal_value=0.000324538 -0.00607545 -0.0144226 0.00688922 -0.0279314
internal_weight=150 120 73 47 43
internal_count=150 120 73 47 43
is_linear=0
shrinkage=0.05


Tree=40
num_leaves=5
num_cat=0
split_feature=28 18 28 5
split_gain=6.51922 6.79621 4.13666 2.03444
threshold=1.0000000180025095e-35 3.5000000000000004 -2.4999999999999996 2.5000000000000004
decision_type=2 2 2 2
left_child=1 -1 -3 -2
right_child=3 2 -4 -5
leaf_value=-0.037454758174717433 0.020382106259981252 -0.018310997231552998 0.0063849885667411569 0.00060235285737480116
leaf_weight=20 26 30 39 26
leaf_count=20 26 30 39 26
internal_value=-0.00357315 -0.0117911 -0.0043524 0.0104922
internal_weight=141 89 69 52
internal_count=141 89 69 52
is_linear=0
shrinkage=0.05


Tree=41
num_leaves=5
num_cat=0
split_feature=28 18 28 15
split_gain=5.88359 6.13358 3.73333 2.42535
threshold=1.0000000180025095e-35 3.5000000000000004 -2.4999999999999996 -0.61559370160102833
decision_type=2 2 2 2
left_child=1 -1 -3 -2
right_child=3 2 -4 -5
leaf_value=-0.035582020431756976 0.023626514417119326 -0.017395447672655186 0.006065739171866041 0.0014308076693851036
leaf_weight=20 20 30 39 32
leaf_count=20 20 30 39 32
internal_value=-0.0033945 -0.0112016 -0.00413478 0.00996762
internal_weight=141 89 69 52
internal_count=141 89 69 52
is_linear=0
shrinkage=0.05


Tree=42
num_leaves=5
num_cat=0
split_feature=28 18 28 15
split_gain=5.30994 5.77659 2.67782 2.18888
threshold=1.0000000180025095e-35 4.5000000000000009 -2.4999999999999996 -0.61559370160102833
decision_type=2 2 2 2
left_child=1 -1 -3 -2
right_child=3 2 -4 -5
leaf_value=-0.025064749710070784 0.022445188361307374 -0.011434975448840609 0.011725832684896888 0.0013592673909442966
leaf_weight=39 20 24 26 32
leaf_count=39 20 24 26 32
internal_value=-0.00322477 -0.0106415 0.000608645 0.00946924
internal_weight=141 89 50 52
internal_count=141 89 50 52
is_linear=0
shrinkage=0.05


Tree=43
num_leaves=5
num_cat=0
split_feature=28 18 28 15
split_gain=4.79222 5.21337 2.41674 1.97546
threshold=1.0000000180025095e-35 4.5000000000000009 -2.4999999999999996 -0.61559370160102833
decision_type=2 2 2 2
left_child=1 -1 -3 -2
right_child=3 2 -4 -5
leaf_value=-0.023811512282834606 0.021322928764857352 -0.010863226900498074 0.011139541094263013 0.0012913041155115934
leaf_weight=39 20 24 26 32
leaf_count=39 20 24 26 32
internal_value=-0.00306353 -0.0101094 0.000578212 0.00899578
internal_weight=141 89 50 52
internal_count=141 89 50 52
is_linear=0
shrinkage=0.05


Tree=44
num_leaves=5
num_cat=0
split_feature=28 18 28 5
split_gain=4.32498 4.88377 2.97971 1.74214
threshold=1.0000000180025095e-35 3.5000000000000004 -2.4999999999999996 2.5000000000000004
decision_type=2 2 2 2
left_child=1 -1 -3 -2
right_child=3 2 -4 -5
leaf_value=-0.03135910642333329 0.017697856199139588 -0.015144984577442908 0.0058148775297479751 -0.00060588367319164369
leaf_weight=20 26 30 39 26
leaf_count=20 26 30 39 26
internal_value=-0.00291036 -0.00960395 -0.00329811 0.00854599
internal_weight=141 89 69 52
internal_count=141 89 69 52
is_linear=0
shrinkage=0.05


Tree=45
num_leaves=6
num_cat=0
split_feature=25 27 28 18 28
split_gain=9.22098 2.99949 2.82142 4.3451 2.33531
threshold=4.0714285373687753 3.7500000000000004 -2.4999999999999996 2.5000000000000004 -1.0000000180025095e-35
decision_type=2 2 2 2 2
left_child=1 2 -1 -4 -5
right_child=-2 -3 3 4 -6
leaf_value=-0.023393417300063779 0.032434141123667361 0.013237072352231259 -0.01626124705716565 -0.0067055427655577666 0.015503306232457019
leaf_weight=22 20 21 37 20 29
leaf_count=22 20 21 37 20 29
internal_value=0.000844463 -0.00405316 -0.00741515 -0.00332769 0.00643847
internal_weight=149 129 108 86 49
internal_count=149 129 108 86 49
is_linear=0
shrinkage=0.05


Tree=46
num_leaves=6
num_cat=0
split_feature=25 27 28 18 28
split_gain=8.32193 2.70704 2.54633 3.92146 2.10761
threshold=4.0714285373687753 3.7500000000000004 -2.4999999999999996 2.5000000000000004 -1.0000000180025095e-35
decision_type=2 2 2 2 2
left_child=1 2 -1 -4 -5
right_child=-2 -3 3 4 -6
leaf_value=-0.022223746622065929 0.030812434311956169 0.012575218658007327 -0.015448184615957575 -0.0063702656142413626 0.01472814085829104
leaf_weight=22 20 21 37 20 29
leaf_count=22 20 21 37 20 29
internal_value=0.00080224 -0.0038505 -0.00704439 -0.0031613 0.00611655
internal_weight=149 129 108 86 49
internal_count=149 129 108 86 49
is_linear=0
shrinkage=0.05


Tree=47
num_leaves=6
num_cat=0
split_feature=25 27 28 18 28
split_gain=7.51054 2.4431 2.29806 3.53911 1.90212
threshold=4.0714285373687753 3.7500000000000004 -2.4999999999999996 2.5000000000000004 -1.0000000180025095e-35
decision_type=2 2 2 2 2
left_child=1 2 -1 -4 -5
right_child=-2 -3 3 4 -6
leaf_value=-0.02111255932937969 0.029271813035011293 0.011946458054617757 -0.01467577541951795 -0.0060517522040754558 0.013991733952746567
leaf_weight=22 20 21 37 20 29
leaf_count=22 20 21 37 20 29
internal_value=0.000762128 -0.00365798 -0.00669217 -0.00300324 0.00581072
internal_weight=149 129 108 86 49
internal_count=149 129 108 86 49
is_linear=0
shrinkage=0.05


Tree=48
num_leaves=6
num_cat=0
split_feature=25 15 6 1 14
split_gain=6.77827 1.98256 1.80425 1.60687 0.813607
threshold=4.0714285373687753 -0.78574731945991505 2.5000000000000004 12.500000000000002 0.70581671595573436
decision_type=2 2 2 2 2
left_child=1 -1 4 -4 -3
right_child=-2 2 3 -5 -6
leaf_value=-0.015247605441670335 0.027808222374878823 -0.013350893721844143 0.014292527890730917 -0.0028029459735585587 6.298718973994256e-05
leaf_weight=28 20 26 28 27 20
leaf_count=28 20 26 28 27 20
internal_value=0.000724022 -0.00347508 -0.000211408 0.0059002 -0.00751877
internal_weight=149 129 101 55 46
internal_count=149 129 101 55 46
is_linear=0
shrinkage=0.05


Tree=49
num_leaves=6
num_cat=0
split_feature=25 27 28 18 28
split_gain=6.11738 2.18891 2.05018 3.18696 1.64571
threshold=4.0714285373687753 3.7500000000000004 -2.4999999999999996 2.5000000000000004 -1.0000000180025095e-35
decision_type=2 2 2 2 2
left_child=1 2 -1 -4 -5
right_child=-2 -3 3 4 -6
leaf_value=-0.019793807829476217 0.026417811736464503 0.011469046988834938 -0.013765627693627156 -0.0053590599342714998 0.013284561137572447
leaf_weight=22 20 21 37 20 29
leaf_count=22 20 21 37 20 29
internal_value=0.000687821 -0.00330133 -0.00617334 -0.00268904 0.00567492
internal_weight=149 129 108 86 49
internal_count=149 129 108 86 49
is_linear=0
shrinkage=0.05


Tree=50
num_leaves=6
num_cat=0
split_feature=28 20 14 19 7
split_gain=5.64388 7.48398 2.11438 2.35503 1.42347
threshold=1.5000000000000002 3.5000000000000004 -0.5163939595222472 3.5000000000000004 4.5000000000000009
decision_type=2 2 2 2 2
left_child=2 -2 -1 4 -4
right_child=1 -3 3 -5 -6
leaf_value=0.0078272123595525041 0.039330981283204725 -0.0034059627639362587 0.00962903454899788 -0.017874279160715753 -0.008801673877645624
leaf_weight=30 21 20 20 33 22
leaf_count=30 21 20 20 33 22
internal_value=0.00275165 0.0184837 -0.00339134 -0.00787876 -2.51461e-05
internal_weight=146 41 105 75 42
internal_count=146 41 105 75 42
is_linear=0
shrinkage=0.05


Tree=51
num_leaves=6
num_cat=0
split_feature=18 28 18 28 18
split_gain=6.73254 11.4303 2.5723 2.77499 1.21806
threshold=1.5000000000000002 1.5000000000000002 3.5000000000000004 -2.4999999999999996 4.5000000000000009
decision_type=2 2 2 2 2
left_child=-1 2 -2 -4 -5
right_child=1 -3 3 4 -6
leaf_value=-0.020452718028368858 -0.014685064566868317 0.038474913578829734 -0.009017785287462176 0.0024941670664009596 0.018549988691315609
leaf_weight=26 23 24 25 21 27
leaf_count=26 23 24 25 21 27
internal_value=0.00261406 0.00761187 -0.000103895 0.00449017 0.0115256
internal_weight=146 120 96 73 48
internal_count=146 120 96 73 48
is_linear=0
shrinkage=0.05


Tree=52
num_leaves=6
num_cat=0
split_feature=18 28 28 17 23
split_gain=6.07612 10.3159 2.46827 2.95725 0.861647
threshold=1.5000000000000002 1.5000000000000002 -1.0000000180025095e-35 1.0000000180025095e-35 2.5000000000000004
decision_type=2 2 2 2 2
left_child=-1 2 3 -2 -4
right_child=1 -3 4 -5 -6
leaf_value=-0.019430082140024754 0.0064503384711728853 0.036551169159065471 0.0016201321141455661 -0.017684467558089334 0.015614020307971675
leaf_weight=26 22 24 22 30 22
leaf_count=26 22 24 22 30 22
internal_value=0.00248336 0.00723127 -9.87003e-05 -0.00747359 0.00861708
internal_weight=146 120 96 52 44
internal_count=146 120 96 52 44
is_linear=0
shrinkage=0.05


Tree=53
num_leaves=6
num_cat=0
split_feature=18 28 18 28 1
split_gain=5.4837 9.31008 2.32745 2.39081 1.15583
threshold=1.5000000000000002 1.5000000000000002 3.5000000000000004 -2.4999999999999996 14.500000000000002
decision_type=2 2 2 2 2
left_child=-1 2 -2 -4 -5
right_child=1 -3 3 4 -6
leaf_value=-0.018458577444723161 -0.013963627379954512 0.034723609647092722 -0.0082619074218673646 0.019604149988542 0.0039637971152034074
leaf_weight=26 23 24 25 21 27
leaf_count=26 23 24 25 21 27
internal_value=0.00235919 0.00686971 -9.3765e-05 0.00427619 0.0108065
internal_weight=146 120 96 73 48
internal_count=146 120 96 73 48
is_linear=0
shrinkage=0.05


Tree=54
num_leaves=6
num_cat=0
split_feature=18 28 21 1 28
split_gain=4.94904 8.40234 2.2232 3.80181 1.699
threshold=1.5000000000000002 1.5000000000000002 3.5000000000000004 13.500000000000002 -1.0000000180025095e-35
decision_type=2 2 2 2 2
left_child=-1 2 4 -4 -2
right_child=1 -3 3 -5 -6
leaf_value=-0.017535649254344976 -0.015557144894306216 0.032987429772038016 0.020450860630864136 -0.0085454347985796635 0.0030106816356155006
leaf_weight=26 28 24 26 20 22
leaf_count=26 28 24 26 20 22
internal_value=0.00224123 0.00652622 -8.90769e-05 0.00784378 -0.0073873
internal_weight=146 120 96 46 50
internal_count=146 120 96 46 50
is_linear=0
shrinkage=0.05


Tree=55
num_leaves=5
num_cat=0
split_feature=28 18 28 21
split_gain=6.5248 3.87216 3.89837 1.47378
threshold=1.5000000000000002 3.5000000000000004 -2.4999999999999996 3.5000000000000004
decision_type=2 2 2 2
left_child=1 -1 -3 -4
right_child=-2 2 3 -5
leaf_value=-0.02216104899455483 0.017205710292450691 -0.014835832229462163 -0.00082406052621081477 0.017929547907260712
leaf_weight=30 38 29 20 22
leaf_count=30 38 29 20 22
internal_value=-0.000455286 -0.00710002 -0.000736201 0.00899926
internal_weight=139 101 71 42
internal_count=139 101 71 42
is_linear=0
shrinkage=0.05


Tree=56
num_leaves=6
num_cat=0
split_feature=28 18 22 28 18
split_gain=5.97661 4.55865 3.21278 2.58521 1.2439
threshold=1.0000000180025095e-35 4.5000000000000009 3.5000000000000004 -2.4999999999999996 3.5000000000000004
decision_type=2 2 2 2 2
left_child=1 4 -2 -3 -1
right_child=2 3 -4 -5 -6
leaf_value=-0.028560729604214432 0.0019099513068795205 -0.0094187102945787575 0.026933532339804202 0.015107541349293156 -0.011729480125738876
leaf_weight=21 29 21 23 22 23
leaf_count=21 29 21 23 22 23
internal_value=-0.000432522 -0.00844805 0.0129781 0.0031296 -0.0197626
internal_weight=139 87 52 43 44
internal_count=139 87 52 43 44
is_linear=0
shrinkage=0.05


Tree=57
num_leaves=5
num_cat=0
split_feature=28 27 18 28
split_gain=5.40094 3.23508 1.95027 4.14221
threshold=1.5000000000000002 3.7500000000000004 3.5000000000000004 -2.4999999999999996
decision_type=2 2 2 2
left_child=1 2 -1 -4
right_child=-2 -3 3 -5
leaf_value=-0.021291991909524299 0.015657263151124905 0.011552239572629333 -0.021588090553202415 0.0069756811892148114
leaf_weight=29 38 20 22 30
leaf_count=29 38 20 22 30
internal_value=-0.000410896 -0.00645634 -0.0109029 -0.00510899
internal_weight=139 101 81 52
internal_count=139 101 81 52
is_linear=0
shrinkage=0.05


Tree=58
num_leaves=6
num_cat=0
split_feature=18 28 21 18 15
split_gain=5.29957 9.84722 2.26218 2.16518 0.733489
threshold=1.5000000000000002 1.5000000000000002 3.5000000000000004 4.5000000000000009 -1.7225463847432912e-16
decision_type=2 2 2 2 2
left_child=-1 2 4 -4 -2
right_child=1 -3 3 -5 -6
leaf_value=-0.021761414177793391 -0.017544998535279022 0.034151783043687996 -0.0070880553766113257 0.013788386841339094 -0.0044525133032584565
leaf_weight=24 23 22 23 27 20
leaf_count=24 23 22 23 27 20
internal_value=-0.000390351 0.0040697 -0.0030465 0.00418522 -0.0114555
internal_weight=139 115 93 50 43
internal_count=139 115 93 50 43
is_linear=0
shrinkage=0.05


Tree=59
num_leaves=5
num_cat=0
split_feature=4 28 21 18
split_gain=4.83484 8.38533 4.15289 2.73079
threshold=1.0000000180025095e-35 1.5000000000000002 3.5000000000000004 3.5000000000000004
decision_type=2 2 2 2
left_child=3 2 -2 -1
right_child=1 -3 -4 -5
leaf_value=-0.024641368619631978 -0.015380136000021595 0.031390881739556793 0.010987249542293805 -0.0020134563518998524
leaf_weight=24 32 25 28 30
leaf_count=24 32 25 28 30
internal_value=-0.000370834 0.00706177 -0.00307536 -0.0120703
internal_weight=139 85 60 54
internal_count=139 85 60 54
is_linear=0
shrinkage=0.05


Tree=60
num_leaves=4
num_cat=0
split_feature=27 17 23
split_gain=5.17543 1.37073 1.46468
threshold=3.6833333969116215 -0.56174489110708226 2.5000000000000004
decision_type=2 2 2
left_child=1 -1 -3
right_child=-2 2 -4
leaf_value=0.0026008200229090807 0.015770159353120015 -0.0020564165354395908 -0.016639789226206226
leaf_weight=34 39 33 36
leaf_count=34 39 33 36
internal_value=0.000257535 -0.00561618 -0.00966513
internal_weight=142 103 69
internal_count=142 103 69
is_linear=0
shrinkage=0.05


Tree=61
num_leaves=5
num_cat=0
split_feature=14 15 11 4
split_gain=4.69702 10.7819 1.21056 0.834855
threshold=-0.40966403484344477 -0.29696027934551233 21.500000000000004 1.0000000180025095e-35
decision_type=2 2 2 2
left_child=1 -1 3 -2
right_child=2 -3 -4 -5
leaf_value=0.038731930443001071 -0.0092356071379035721 -0.0088279777737625409 -0.014151597135787598 0.0025920991307577575
leaf_weight=22 25 26 32 37
leaf_count=22 25 26 32 37
internal_value=0.000244658 0.0129703 -0.00625355 -0.00217714
internal_weight=142 48 94 62
internal_count=142 48 94 62
is_linear=0
shrinkage=0.05


Tree=62
num_leaves=6
num_cat=0
split_feature=27 18 28 20 26
split_gain=4.68749 1.57332 1.71073 1.7335 0.343604
threshold=3.6833333969116215 1.5000000000000002 -2.4999999999999996 2.5000000000000004 3.3928571939468388
decision_type=2 2 2 2 2
left_child=1 -1 -3 -4 -5
right_child=-2 2 3 4 -6
leaf_value=-0.017214975302869622 0.014995691426193867 -0.014419438840732688 0.014180902191437781 0.00078643866465426997 -0.0084818373434245586
leaf_weight=22 39 21 20 20 20
leaf_count=22 39 21 20 20 20
internal_value=0.000232425 -0.00535755 -0.00213701 0.00216183 -0.0038477
internal_weight=142 103 81 60 40
internal_count=142 103 81 60 40
is_linear=0
shrinkage=0.05


Tree=63
num_leaves=5
num_cat=0
split_feature=27 20 23 9
split_gain=4.23046 1.24942 1.28162 0.784721
threshold=3.6833333969116215 1.5000000000000002 2.5000000000000004 16.500000000000004
decision_type=2 2 2 2
left_child=1 -1 -3 -4
right_child=-2 2 3 -5
leaf_value=0.0049014217608297867 0.014245906982045526 -0.0013397903024294491 -0.0072678929106110629 -0.020936778622368972
leaf_weight=24 39 37 21 21
leaf_count=24 39 37 21 21
internal_value=0.000220804 -0.00508967 -0.00812494 -0.0141023
internal_weight=142 103 79 42
internal_count=142 103 79 42
is_linear=0
shrinkage=0.05


Tree=64
num_leaves=5
num_cat=0
split_feature=14 11 11 4
split_gain=3.91804 7.59008 1.19198 0.738575
threshold=-0.40966403484344477 37.500000000000007 21.500000000000004 1.0000000180025095e-35
decision_type=2 2 2 2
left_child=1 -1 3 -2
right_child=2 -3 -4 -5
leaf_value=0.032561384615204907 -0.0083191674733534456 -0.0072383295968174929 -0.013562391861341894 0.0028056368936558028
leaf_weight=23 25 25 32 37
leaf_count=23 25 25 32 37
internal_value=0.000209764 0.0118324 -0.00572518 -0.00168017
internal_weight=142 48 94 62
internal_count=142 48 94 62
is_linear=0
shrinkage=0.05


Tree=65
num_leaves=5
num_cat=0
split_feature=14 11 11 26
split_gain=2.95451 3.57713 1.41412 0.463984
threshold=-0.40966403484344477 38.500000000000007 20.500000000000004 3.1714285612106328
decision_type=2 2 2 2
left_child=1 -1 3 -2
right_child=2 -3 -4 -5
leaf_value=0.02280001334535579 -0.0055651653402795402 -0.0054571223467411029 -0.01324985835593767 0.0030901230842573569
leaf_weight=24 30 21 39 32
leaf_count=24 30 21 39 32
internal_value=-0.00104257 0.00961335 -0.00579025 -0.00109792
internal_weight=146 45 101 62
internal_count=146 45 101 62
is_linear=0
shrinkage=0.05


Tree=66
num_leaves=5
num_cat=0
split_feature=9 26 17 15
split_gain=3.49734 1.98961 1.53089 1.32733
threshold=6.5000000000000009 3.7500000000000004 -0.56174489110708226 -0.40966403484344477
decision_type=2 2 2 2
left_child=-1 2 -2 -4
right_child=1 -3 3 -5
leaf_value=0.014553325526930137 0.0086265989820714355 -0.01704134518155255 -0.013734930673880236 0.00078012202737025088
leaf_weight=29 27 26 28 36
leaf_count=29 27 26 28 36
internal_value=-0.000990439 -0.00484317 -0.00135797 -0.00557021
internal_weight=146 117 91 64
internal_count=146 117 91 64
is_linear=0
shrinkage=0.05


Tree=67
num_leaves=6
num_cat=0
split_feature=14 11 28 19 15
split_gain=2.79062 3.24119 2.11906 0.947131 0.338752
threshold=-0.40966403484344477 38.500000000000007 -2.4999999999999996 3.5000000000000004 -0.40966403484344477
decision_type=2 2 2 2 2
left_child=1 -1 -2 4 -4
right_child=2 -3 3 -5 -6
leaf_value=0.021967437956482174 -0.01969072563751113 -0.0049301251857763254 -0.00095102737065066003 -0.0075639949890931972 0.0080399991245940338
leaf_weight=24 21 21 22 38 20
leaf_count=24 21 21 22 38 20
internal_value=-0.000940916 0.00941524 -0.00555505 -0.00184443 0.00333041
internal_weight=146 45 101 80 42
internal_count=146 45 101 80 42
is_linear=0
shrinkage=0.05


Tree=68
num_leaves=5
num_cat=0
split_feature=9 18 28 4
split_gain=3.14264 1.99266 2.06439 0.334582
threshold=6.5000000000000009 2.5000000000000004 -1.0000000180025095e-35 1.0000000180025095e-35
decision_type=2 2 2 2
left_child=-1 3 -3 -2
right_child=1 2 -4 -5
leaf_value=0.013840617579889709 -0.018172245435416699 -0.0079242483841088143 0.008450963860377669 -0.0090264523919904617
leaf_weight=29 20 39 38 20
leaf_count=29 20 39 38 20
internal_value=-0.000893871 -0.00454601 0.000157025 -0.0135993
internal_weight=146 117 77 40
internal_count=146 117 77 40
is_linear=0
shrinkage=0.05


Tree=69
num_leaves=5
num_cat=0
split_feature=9 26 17 15
split_gain=2.83624 1.85285 1.36853 1.21467
threshold=6.5000000000000009 3.7500000000000004 -0.56174489110708226 -0.40966403484344477
decision_type=2 2 2 2
left_child=-1 2 -2 -4
right_child=1 -3 3 -5
leaf_value=0.013148586612580152 0.0084848510135930987 -0.016090200472479829 -0.012748575177309769 0.0011368186885697975
leaf_weight=29 27 26 28 36
leaf_count=29 27 26 28 36
internal_value=-0.000849177 -0.00431871 -0.000955425 -0.00493804
internal_weight=146 117 91 64
internal_count=146 117 91 64
is_linear=0
shrinkage=0.05


Tree=70
num_leaves=6
num_cat=0
split_feature=4 28 20 18 21
split_gain=4.92347 6.83071 2.09284 1.66582 1.49348
threshold=1.0000000180025095e-35 2.5000000000000004 4.5000000000000009 3.5000000000000004 3.5000000000000004
decision_type=2 2 2 2 2
left_child=3 2 4 -1 -2
right_child=1 -3 -4 -5 -6
leaf_value=-0.017818030930357054 -0.0014309629057110713 0.033469776525383903 -0.010296663707301307 -0.00077935937935343156 0.017210611159957589
leaf_weight=32 22 21 26 26 21
leaf_count=32 22 21 26 26 21
internal_value=0.00118009 0.00850104 0.000901861 -0.01018 0.00767306
internal_weight=148 90 69 58 43
internal_count=148 90 69 58 43
is_linear=0
shrinkage=0.05


Tree=71
num_leaves=6
num_cat=0
split_feature=4 9 25 14 27
split_gain=4.44343 7.00374 1.65975 1.65739 0.769991
threshold=1.0000000180025095e-35 7.5000000000000009 3.6428570747375493 0.17992616817355159 3.3390804529190068
decision_type=2 2 2 2 2
left_child=3 -2 4 -1 -3
right_child=1 2 -4 -5 -6
leaf_value=-0.018419832027783353 0.03259804430841045 0.013615161729976536 -0.0091941868185780803 -0.0015054346931477388 -0.00025919832754880192
leaf_weight=28 22 20 28 30 20
leaf_count=28 22 20 28 30 20
internal_value=0.00112109 0.00807599 0.000142383 -0.00967101 0.00667798
internal_weight=148 90 68 58 40
internal_count=148 90 68 58 40
is_linear=0
shrinkage=0.05


Tree=72
num_leaves=6
num_cat=0
split_feature=15 27 15 19 19
split_gain=3.84442 5.65708 1.60169 0.933855 0.444604
threshold=-0.29696027934551233 3.5833332538604741 1.0000000180025095e-35 3.5000000000000004 3.5000000000000004
decision_type=2 2 2 2 2
left_child=1 4 -2 -4 -1
right_child=2 -3 3 -5 -6
leaf_value=0.0042445289769342974 -0.017559544511393393 0.03014463710335448 0.0046897033935990829 -0.007608726897248716 -0.0061720260232687001
leaf_weight=21 22 23 29 33 20
leaf_count=21 22 23 29 33 20
internal_value=0.00106503 0.0102972 -0.00596901 -0.00185624 -0.000836717
internal_weight=148 64 84 62 41
internal_count=148 64 84 62 41
is_linear=0
shrinkage=0.05


Tree=73
num_leaves=6
num_cat=0
split_feature=4 9 23 14 9
split_gain=3.97076 6.28314 1.79636 1.53745 0.967478
threshold=1.0000000180025095e-35 7.5000000000000009 3.5000000000000004 0.17992616817355159 18.500000000000004
decision_type=2 2 2 2 2
left_child=3 -2 4 -1 -3
right_child=1 2 -4 -5 -6
leaf_value=-0.017616486482854403 0.030812686707147142 -0.0012035482795909047 -0.0099423753028666535 -0.0013256053657581409 0.014162342738182771
leaf_weight=28 22 20 27 30 21
leaf_count=28 22 20 27 30 21
internal_value=0.00101178 0.00758637 7.1972e-05 -0.00919017 0.00666679
internal_weight=148 90 68 58 41
internal_count=148 90 68 58 41
is_linear=0
shrinkage=0.05


Tree=74
num_leaves=6
num_cat=0
split_feature=4 28 20 19 21
split_gain=3.58361 5.95652 1.70607 1.51861 1.34443
threshold=1.0000000180025095e-35 2.5000000000000004 4.5000000000000009 3.5000000000000004 3.5000000000000004
decision_type=2 2 2 2 2
left_child=3 2 4 -1 -2
right_child=1 -3 -4 -5 -6
leaf_value=-0.00035613771594528642 -0.0024134108246388762 0.030523365257041798 -0.010000165283250121 -0.016546881021931768 0.015273485059982965
leaf_weight=28 22 21 26 30 21
leaf_count=28 22 21 26 30 21
internal_value=0.000961191 0.00720705 0.00011078 -0.00873066 0.00622438
internal_weight=148 90 69 58 43
internal_count=148 90 69 58 43
is_linear=0
shrinkage=0.05


Tree=75
num_leaves=5
num_cat=0
split_feature=14 25 28 28
split_gain=2.56121 6.32462 2.2426 0.431832
threshold=-0.95297902822494496 3.7857142686843877 1.0000000180025095e-35 -1.4999999999999998
decision_type=2 2 2 2
left_child=-1 2 3 -2
right_child=1 -3 -4 -5
leaf_value=-0.016395048028789463 -0.014880865639424885 0.021356417583849499 0.0057029321618182098 -0.0061689300709545161
leaf_weight=20 25 34 38 33
leaf_count=20 25 34 38 33
internal_value=0.000262216 0.00282487 -0.00373838 -0.00992407
internal_weight=150 130 96 58
internal_count=150 130 96 58
is_linear=0
shrinkage=0.05


Tree=76
num_leaves=5
num_cat=0
split_feature=18 28 28 18
split_gain=2.53338 6.21563 1.54332 1.40396
threshold=1.5000000000000002 1.5000000000000002 -1.4999999999999998 3.5000000000000004
decision_type=2 2 2 2
left_child=-1 2 -2 -4
right_child=1 -3 3 -5
leaf_value=-0.013023874462293139 -0.0096970857464169207 0.028159448974544095 -0.006697631611124329 0.008878061558919936
leaf_weight=29 38 21 23 39
leaf_count=29 38 21 23 39
internal_value=0.000249105 0.00343023 -0.0017629 0.00309998
internal_weight=150 121 100 62
internal_count=150 121 100 62
is_linear=0
shrinkage=0.05


Tree=77
num_leaves=6
num_cat=0
split_feature=20 25 28 18 18
split_gain=2.30656 4.39164 2.38883 1.95167 0.481387
threshold=4.5000000000000009 3.7857142686843877 -1.0000000180025095e-35 3.5000000000000004 2.5000000000000004
decision_type=2 2 2 2 2
left_child=1 2 -1 -2 -4
right_child=3 -3 4 -5 -6
leaf_value=-0.01230234965651987 -0.017711085711467872 0.022192323121886987 0.00096734714880585676 0.0028963975515216588 0.011236073713128765
leaf_weight=31 27 26 25 20 21
leaf_count=31 27 26 25 20 21
internal_value=0.00023665 0.00442494 -0.00157444 -0.00894194 0.00565524
internal_weight=150 103 77 47 46
internal_count=150 103 77 47 46
is_linear=0
shrinkage=0.05


Tree=78
num_leaves=6
num_cat=0
split_feature=14 14 28 18 27
split_gain=2.3077 5.41353 2.78189 1.68134 0.919158
threshold=-0.95297902822494496 -0.61559370160102833 -1.4999999999999998 1.5000000000000002 3.3166666030883794
decision_type=2 2 2 2 2
left_child=-1 -2 -3 -4 -5
right_child=1 2 3 4 -6
leaf_value=-0.01558660024777055 0.025264135324819522 -0.016198832140519068 -0.0088962021729220523 0.001308591605629772 0.013835220409695198
leaf_weight=20 22 26 23 32 27
leaf_count=20 22 26 23 32 27
internal_value=0.000224817 0.00265734 -0.00194774 0.00257089 0.00704112
internal_weight=150 130 108 82 59
internal_count=150 130 108 82 59
is_linear=0
shrinkage=0.05


Tree=79
num_leaves=6
num_cat=0
split_feature=9 18 20 21 21
split_gain=2.2425 2.90561 2.21232 1.27396 0.421607
threshold=6.5000000000000009 1.5000000000000002 1.5000000000000002 4.5000000000000009 2.5000000000000004
decision_type=2 2 2 2 2
left_child=-1 -2 -3 4 -4
right_child=1 2 3 -5 -6
leaf_value=0.012701342409027034 -0.019687115773558618 0.014378675076422161 -0.0039662258719820815 0.0065612490410390106 -0.013028851989656687
leaf_weight=29 21 23 33 23 21
leaf_count=29 21 23 33 23 21
internal_value=0.000213576 -0.00277936 0.000771269 -0.00329328 -0.00749058
internal_weight=150 121 100 77 54
internal_count=150 121 100 77 54
is_linear=0
shrinkage=0.05


Tree=80
num_leaves=6
num_cat=0
split_feature=4 27 14 27 9
split_gain=3.54281 4.03456 1.33344 0.892102 1.06211
threshold=1.0000000180025095e-35 3.6833333969116215 0.17992616817355159 3.3390804529190068 16.500000000000004
decision_type=2 2 2 2 2
left_child=2 3 -1 4 -2
right_child=1 -3 -4 -5 -6
leaf_value=-0.018450248452763145 -0.005173656335100532 0.021765927504748109 -0.0021065533452201634 -0.0091258091428740463 0.010581030752307373
leaf_weight=26 20 28 24 22 23
leaf_count=26 20 28 24 22 23
internal_value=0.000128007 0.00589859 -0.0106053 -0.000936573 0.00325327
internal_weight=143 93 50 65 43
internal_count=143 93 50 65 43
is_linear=0
shrinkage=0.05


Tree=81
num_leaves=6
num_cat=0
split_feature=28 18 28 1 18
split_gain=3.83508 1.14252 2.0449 1.65533 0.532041
threshold=2.5000000000000004 4.5000000000000009 1.0000000180025095e-35 12.500000000000002 3.5000000000000004
decision_type=2 2 2 2 2
left_child=1 2 4 -3 -1
right_child=-2 3 -4 -5 -6
leaf_value=-0.020183826406441986 0.017093737451014696 0.011785687340180512 0.0028550731234385503 -0.007630572091078475 -0.0091761587410355405
leaf_weight=21 27 23 28 21 23
leaf_count=21 27 23 28 21 23
internal_value=0.000121607 -0.0038288 -0.00770792 0.00251884 -0.0144298
internal_weight=143 116 72 44 44
internal_count=143 116 72 44 44
is_linear=0
shrinkage=0.05


Tree=82
num_leaves=6
num_cat=0
split_feature=28 27 18 28 18
split_gain=3.46116 1.11642 1.00903 2.02337 0.806914
threshold=2.5000000000000004 3.7500000000000004 4.5000000000000009 1.0000000180025095e-35 3.5000000000000004
decision_type=2 2 2 2 2
left_child=1 2 3 4 -1
right_child=-2 -3 -4 -5 -6
leaf_value=-0.023203980866819622 0.016239050913740088 0.0071093213092535733 0.0013731511076912285 0.0027827881848100913 -0.009327413312117146
leaf_weight=20 27 20 32 22 22
leaf_count=20 27 20 32 22 22
internal_value=0.000115526 -0.00363736 -0.00587626 -0.00950096 -0.0159353
internal_weight=143 116 96 64 42
internal_count=143 116 96 64 42
is_linear=0
shrinkage=0.05


Tree=83
num_leaves=6
num_cat=0
split_feature=28 18 28 1 18
split_gain=3.1237 0.921761 1.64242 1.50782 0.421694
threshold=2.5000000000000004 4.5000000000000009 1.0000000180025095e-35 12.500000000000002 3.5000000000000004
decision_type=2 2 2 2 2
left_child=1 2 4 -3 -1
right_child=-2 3 -4 -5 -6
leaf_value=-0.018086610468370574 0.015427098119700397 0.011090335614331391 0.0025268241862899492 -0.0074406191085775696 -0.0082867120838035716
leaf_weight=21 27 23 28 21 23
leaf_count=21 27 23 28 21 23
internal_value=0.00010975 -0.00345549 -0.00693975 0.00224602 -0.0129639
internal_weight=143 116 72 44 44
internal_count=143 116 72 44 44
is_linear=0
shrinkage=0.05


Tree=84
num_leaves=5
num_cat=0
split_feature=4 28 21 14
split_gain=3.01443 3.90647 1.75355 1.28214
threshold=1.0000000180025095e-35 1.5000000000000002 3.5000000000000004 0.17992616817355159
decision_type=2 2 2 2
left_child=3 2 -2 -1
right_child=1 -3 -4 -5
leaf_value=-0.01748890347707157 -0.0082401974630114203 0.021877369238063694 0.0080267193913459781 -0.0014627019292674959
leaf_weight=26 37 26 30 24
leaf_count=26 37 26 30 24
internal_value=0.000104263 0.00542716 -0.000956503 -0.00979633
internal_weight=143 93 67 50
internal_count=143 93 67 50
is_linear=0
shrinkage=0.05


Tree=85
num_leaves=6
num_cat=0
split_feature=18 28 18 6 13
split_gain=2.47261 3.95589 1.80829 0.753454 0.597645
threshold=2.5000000000000004 -2.4999999999999996 4.5000000000000009 2.5000000000000004 1.0000000180025095e-35
decision_type=2 2 2 2 2
left_child=4 -2 3 -3 -1
right_child=1 2 -4 -5 -6
leaf_value=-0.018704770424443743 -0.014060911172700506 -0.0058633669944746156 0.017231907678901086 0.0068702301010489467 -0.0070381661610943932
leaf_weight=23 31 21 28 26 21
leaf_count=23 31 21 28 26 21
internal_value=-0.00317274 0.000963212 0.00717318 0.00118075 -0.0131366
internal_weight=150 106 75 47 44
internal_count=150 106 75 47 44
is_linear=0
shrinkage=0.05


Tree=86
num_leaves=6
num_cat=0
split_feature=18 28 18 6 13
split_gain=2.23153 3.57019 1.63198 0.679993 0.539375
threshold=2.5000000000000004 -2.4999999999999996 4.5000000000000009 2.5000000000000004 1.0000000180025095e-35
decision_type=2 2 2 2 2
left_child=4 -2 3 -3 -1
right_child=1 2 -4 -5 -6
leaf_value=-0.017769531720398885 -0.013357865843441216 -0.0055701985511751404 0.016370312222612225 0.006526718671935109 -0.0066862578060300579
leaf_weight=23 31 21 28 26 21
leaf_count=23 31 21 28 26 21
internal_value=-0.0030141 0.000915051 0.00681452 0.00112171 -0.0124798
internal_weight=150 106 75 47 44
internal_count=150 106 75 47 44
is_linear=0
shrinkage=0.05


Tree=87
num_leaves=7
num_cat=0
split_feature=14 14 28 19 14 1
split_gain=1.6472 1.15298 1.93896 1.05638 0.558631 0.331836
threshold=-0.95297902822494496 -0.5163939595222472 -2.4999999999999996 3.5000000000000004 0.61559370160102855 12.500000000000002
decision_type=2 2 2 2 2 2
left_child=-1 -2 -3 5 -5 -4
right_child=1 2 3 4 -6 -7
leaf_value=-0.016221770215779543 0.0093480582308510078 -0.017029459718614817 0.010304763500711748 -0.010594227399839007 0.00068515248685365642 0.0015176720303398644
leaf_weight=20 23 20 21 23 21 22
leaf_count=20 23 20 21 23 21 22
internal_value=-0.0028634 -0.000808262 -0.0029914 0.000235745 -0.00521089 0.00580904
internal_weight=150 130 107 87 44 43
internal_count=150 130 107 87 44 43
is_linear=0
shrinkage=0.05


Tree=88
num_leaves=6
num_cat=0
split_feature=18 28 18 6 13
split_gain=2.02332 3.01736 1.45753 0.638004 0.496323
threshold=2.5000000000000004 -2.4999999999999996 4.5000000000000009 2.5000000000000004 1.0000000180025095e-35
decision_type=2 2 2 2 2
left_child=4 -2 3 -3 -1
right_child=1 2 -4 -5 -6
leaf_value=-0.016807752695825438 -0.012100279379275538 -0.0054173034970604241 0.015475269170877125 0.0063001819957907382 -0.006175995870892491
leaf_weight=23 31 21 28 26 21
leaf_count=23 31 21 28 26 21
internal_value=-0.00272023 0.00102113 0.00644465 0.00106471 -0.0117335
internal_weight=150 106 75 47 44
internal_count=150 106 75 47 44
is_linear=0
shrinkage=0.05


Tree=89
num_leaves=6
num_cat=0
split_feature=18 28 18 6 13
split_gain=1.82604 2.72317 1.31542 0.575799 0.447932
threshold=2.5000000000000004 -2.4999999999999996 4.5000000000000009 2.5000000000000004 1.0000000180025095e-35
decision_type=2 2 2 2 2
left_child=4 -2 3 -3 -1
right_child=1 2 -4 -5 -6
leaf_value=-0.015967364817776757 -0.011495265268510389 -0.0051464381672087171 0.014701505700525428 0.0059851728791657554 -0.0058671960607171066
leaf_weight=23 31 21 28 26 21
leaf_count=23 31 21 28 26 21
internal_value=-0.00258422 0.000970078 0.00612242 0.00101147 -0.0111468
internal_weight=150 106 75 47 44
internal_count=150 106 75 47 44
is_linear=0
shrinkage=0.05


Tree=90
num_leaves=6
num_cat=0
split_feature=15 14 25 18 28
split_gain=2.2629 8.77596 0.992962 0.9506 0.696311
threshold=-0.29696027934551233 -0.40966403484344477 3.6428570747375493 2.5000000000000004 -1.0000000180025095e-35
decision_type=2 2 2 2 2
left_child=1 -1 4 -3 -2
right_child=2 3 -4 -5 -6
leaf_value=0.036140676215291025 -0.0082869860343635082 -0.010086407528623291 -0.01356156022520736 0.0028579304372338028 0.0035362830625451877
leaf_weight=20 20 23 22 37 33
leaf_count=20 20 23 22 37 33
internal_value=0.00160757 0.00745712 -0.00463196 -0.00210407 -0.000925328
internal_weight=155 80 75 60 53
internal_count=155 80 75 60 53
is_linear=0
shrinkage=0.05


Tree=91
num_leaves=6
num_cat=0
split_feature=9 18 22 11 26
split_gain=2.06182 1.66536 1.36484 0.917282 0.704946
threshold=6.5000000000000009 2.5000000000000004 4.5000000000000009 19.500000000000004 3.3095238208770756
decision_type=2 2 2 2 2
left_child=-1 4 3 -3 -2
right_child=1 2 -4 -5 -6
leaf_value=0.012833126215264203 -0.0029238805733621124 0.0056852327947992656 0.010973579556711259 -0.0079397580279813463 -0.016040299593337946
leaf_weight=32 20 21 31 30 21
leaf_count=32 20 21 31 30 21
internal_value=0.00152719 -0.00141419 0.00269973 -0.00232947 -0.00964205
internal_weight=155 123 82 51 41
internal_count=155 123 82 51 41
is_linear=0
shrinkage=0.05


Tree=92
num_leaves=6
num_cat=0
split_feature=9 18 22 11 26
split_gain=1.86079 1.50299 1.23176 0.827847 0.636214
threshold=6.5000000000000009 2.5000000000000004 4.5000000000000009 19.500000000000004 3.3095238208770756
decision_type=2 2 2 2 2
left_child=-1 4 3 -3 -2
right_child=1 2 -4 -5 -6
leaf_value=0.012191469734534622 -0.0027776865847408774 0.005400971202401534 0.010424900391409475 -0.0075427700486034163 -0.015238284822581114
leaf_weight=32 20 21 31 30 21
leaf_count=32 20 21 31 30 21
internal_value=0.00145083 -0.00134348 0.00256475 -0.00221299 -0.00915994
internal_weight=155 123 82 51 41
internal_count=155 123 82 51 41
is_linear=0
shrinkage=0.05


Tree=93
num_leaves=6
num_cat=0
split_feature=15 14 25 18 28
split_gain=2.13952 7.74099 0.84517 0.702282 0.682968
threshold=-0.29696027934551233 -0.40966403484344477 3.6428570747375493 2.5000000000000004 -1.0000000180025095e-35
decision_type=2 2 2 2 2
left_child=1 -1 4 -3 -2
right_child=2 3 -4 -5 -6
leaf_value=0.034005282539874317 -0.0085598658118396995 -0.0087745682619836032 -0.012927059700119904 0.0023513668853116249 0.0031495778654723177
leaf_weight=20 20 23 22 37 33
leaf_count=20 20 23 22 37 33
internal_value=0.00137829 0.00706614 -0.00468875 -0.00191357 -0.00126908
internal_weight=155 80 75 60 53
internal_count=155 80 75 60 53
is_linear=0
shrinkage=0.05


Tree=94
num_leaves=6
num_cat=0
split_feature=15 14 25 18 28
split_gain=1.93092 6.98624 0.762766 0.633809 0.616379
threshold=-0.29696027934551233 -0.40966403484344477 3.6428570747375493 2.5000000000000004 -1.0000000180025095e-35
decision_type=2 2 2 2 2
left_child=1 -1 4 -3 -2
right_child=2 3 -4 -5 -6
leaf_value=0.032305018333718183 -0.0081318724434822805 -0.0083358398274235111 -0.012280706870792942 0.0022337984943422615 0.0029920989047792375
leaf_weight=20 20 23 22 37 33
leaf_count=20 20 23 22 37 33
internal_value=0.00130937 0.00671283 -0.00445432 -0.0018179 -0.00120563
internal_weight=155 80 75 60 53
internal_count=155 80 75 60 53
is_linear=0
shrinkage=0.05


Tree=95
num_leaves=5
num_cat=0
split_feature=20 18 28 1
split_gain=1.7444 0.928086 0.940785 0.792499
threshold=1.5000000000000002 2.5000000000000004 -2.4999999999999996 15.500000000000002
decision_type=2 2 2 2
left_child=-1 -2 -3 -4
right_child=1 2 3 -5
leaf_value=0.010886675739211255 -0.0091078550626452152 -0.0083793509074232796 0.008391636293381452 -0.0040851168218068784
leaf_weight=29 39 22 35 20
leaf_count=29 39 22 35 20
internal_value=-8.16106e-05 -0.00282368 0.000359211 0.00385464
internal_weight=145 116 77 55
internal_count=145 116 77 55
is_linear=0
shrinkage=0.05


Tree=96
num_leaves=5
num_cat=0
split_feature=20 21 27 19
split_gain=1.57432 0.890235 0.769926 0.553771
threshold=1.5000000000000002 4.5000000000000009 3.6500000953674321 2.5000000000000004
decision_type=2 2 2 2
left_child=-1 2 3 -2
right_child=1 -3 -4 -5
leaf_value=0.010342341736521057 0.0039345365398648106 0.003980993277260236 -0.012651790900585744 -0.0063065991440618592
leaf_weight=29 22 35 26 33
leaf_count=29 22 35 26 33
internal_value=-7.753e-05 -0.0026825 -0.00556178 -0.00221014
internal_weight=145 116 81 55
internal_count=145 116 81 55
is_linear=0
shrinkage=0.05


Tree=97
num_leaves=5
num_cat=0
split_feature=20 18 15 12
split_gain=1.42082 0.822688 1.26568 0.607915
threshold=1.5000000000000002 3.5000000000000004 -0.29696027934551233 -0.25000000000000006
decision_type=2 2 2 2
left_child=-1 3 -3 -2
right_child=1 2 -4 -5
leaf_value=0.0098252249351734738 -0.013671520645064966 0.010092616332694889 -0.0045519460975709889 -0.0028516087188001945
leaf_weight=29 21 25 36 34
leaf_count=29 21 25 36 34
internal_value=-7.36535e-05 -0.00254837 0.00144992 -0.00698285
internal_weight=145 116 61 55
internal_count=145 116 61 55
is_linear=0
shrinkage=0.05


Tree=98
num_leaves=5
num_cat=0
split_feature=20 21 27 19
split_gain=1.28229 0.798608 0.642019 0.491509
threshold=1.5000000000000002 4.5000000000000009 3.6500000953674321 2.5000000000000004
decision_type=2 2 2 2
left_child=-1 2 3 -2
right_child=1 -3 -4 -5
leaf_value=0.0093339635278018012 0.0037015101195059042 0.0038903109629505449 -0.011622394492419866 -0.0059467442150255949
leaf_weight=29 22 35 26 33
leaf_count=29 22 35 26 33
internal_value=-6.99708e-05 -0.00242095 -0.00514804 -0.00208744
internal_weight=145 116 81 55
internal_count=145 116 81 55
is_linear=0
shrinkage=0.05


Tree=99
num_leaves=6
num_cat=0
split_feature=15 18 13 3 28
split_gain=1.17176 2.36551 1.12455 0.788268 0.587835
threshold=-0.29696027934551233 4.5000000000000009 1.0000000180025095e-35 3.7500000000000004 1.0000000180025095e-35
decision_type=2 2 2 2 2
left_child=1 3 -2 -1 -4
right_child=2 -3 4 -5 -6
leaf_value=0.0045562370281134338 -0.014350661433418283 0.017824351619524153 -0.0043748810469435573 -0.0093136929534375669 0.0058467225108126348
leaf_weight=21 20 23 39 20 22
leaf_count=21 20 23 39 20 22
internal_value=-6.64723e-05 0.00499011 -0.0040618 -0.00220958 -0.000688401
internal_weight=145 64 81 41 61
internal_count=145 64 81 41 61
is_linear=0
shrinkage=0.05


Tree=100
num_leaves=6
num_cat=0
split_feature=9 18 28 14 21
split_gain=3.63489 1.23325 1.21183 0.809201 0.608051
threshold=4.5000000000000009 3.5000000000000004 -2.4999999999999996 0.51639395952224743 3.5000000000000004
decision_type=2 2 2 2 2
left_child=-1 3 -3 -2 -4
right_child=1 2 4 -5 -6
leaf_value=0.019842367459620751 -0.012609864479034311 -0.0061911881302616429 0.00092785514891147625 -0.00043821160427548667 0.01297373257958415
leaf_weight=21 36 28 20 22 22
leaf_count=21 36 28 20 22 22
internal_value=0.000561878 -0.00260133 0.00186609 -0.00799303 0.0072376
internal_weight=149 128 70 58 42
internal_count=149 128 70 58 42
is_linear=0
shrinkage=0.05


Tree=101
num_leaves=6
num_cat=0
split_feature=27 6 18 25 28
split_gain=2.35432 2.1043 1.16869 1.53545 0.72504
threshold=3.6833333969116215 2.5000000000000004 4.5000000000000009 3.3095238208770756 1.0000000180025095e-35
decision_type=2 2 2 2 2
left_child=2 -2 3 4 -1
right_child=1 -3 -4 -5 -6
leaf_value=-0.0081626666426334697 -0.00091941479061331084 0.021208339878781277 0.003851629739316801 -0.017486382419398674 0.004391912565283154
leaf_weight=23 21 22 36 24 23
leaf_count=23 21 22 36 24 23
internal_value=0.000533785 0.0104018 -0.00346926 -0.00723429 -0.00188538
internal_weight=149 43 106 70 46
internal_count=149 43 106 70 46
is_linear=0
shrinkage=0.05


Tree=102
num_leaves=6
num_cat=0
split_feature=9 18 28 16 6
split_gain=3.25851 1.0765 1.2716 1.97059 0.67832
threshold=4.5000000000000009 2.5000000000000004 -1.0000000180025095e-35 1.0000000180025095e-35 2.5000000000000004
decision_type=2 2 2 2 2
left_child=-1 4 3 -3 -2
right_child=1 2 -4 -5 -6
leaf_value=0.018762103175478325 -0.0026950516072767124 -0.016067320764774368 0.0080557136044288723 0.0039028839642802878 -0.015403505862646161
leaf_weight=21 21 21 35 30 21
leaf_count=21 21 21 35 30 21
internal_value=0.000507095 -0.00248787 0.000716544 -0.00432014 -0.00904928
internal_weight=149 128 86 51 42
internal_count=149 128 86 51 42
is_linear=0
shrinkage=0.05


Tree=103
num_leaves=6
num_cat=0
split_feature=9 18 25 28 21
split_gain=2.94081 0.979359 1.58395 1.02758 0.52481
threshold=4.5000000000000009 3.5000000000000004 3.3095238208770756 -2.4999999999999996 3.5000000000000004
decision_type=2 2 2 2 2
left_child=-1 2 -2 -3 -5
right_child=1 3 -4 4 -6
leaf_value=0.017823998166602992 -0.00094327203098785225 -0.0058018836658447984 -0.018136001134379989 0.00070197605760768066 0.011892986750568857
leaf_weight=21 37 28 21 20 22
leaf_count=21 37 28 21 20 22
internal_value=0.000481741 -0.00236347 -0.00716823 0.00161761 0.00656393
internal_weight=149 128 58 70 42
internal_count=149 128 58 70 42
is_linear=0
shrinkage=0.05


Tree=104
num_leaves=5
num_cat=0
split_feature=9 27 14 18
split_gain=2.65408 0.899371 0.821919 0.735596
threshold=4.5000000000000009 3.7500000000000004 0.61559370160102855 3.5000000000000004
decision_type=2 2 2 2
left_child=-1 2 3 -2
right_child=1 -3 -4 -5
leaf_value=0.01693279752396934 -0.012780674519565174 0.0064793018701796729 0.0014797480311244727 -0.0021312529281262431
leaf_weight=21 34 24 39 31
leaf_count=21 34 24 39 31
internal_value=0.000457654 -0.0022453 -0.00425867 -0.00770172
internal_weight=149 128 104 65
internal_count=149 128 104 65
is_linear=0
shrinkage=0.05


Tree=105
num_leaves=6
num_cat=0
split_feature=9 14 14 14 23
split_gain=2.25344 1.57939 2.02117 0.849919 0.632519
threshold=4.5000000000000009 -0.95297902822494496 -0.40966403484344477 0.51639395952224743 2.5000000000000004
decision_type=2 2 2 2 2
left_child=-1 -2 -3 -4 -5
right_child=1 2 3 4 -6
leaf_value=0.015926280513494498 -0.014648704226128757 0.013482255022972824 -0.0084088940916654583 0.0062665074871018009 -0.0048366295315487237
leaf_weight=21 20 24 39 29 23
leaf_count=21 20 24 39 29 23
internal_value=0.000689688 -0.00168045 0.0005749 -0.00282924 0.0013555
internal_weight=156 135 115 91 52
internal_count=156 135 115 91 52
is_linear=0
shrinkage=0.05


Tree=106
num_leaves=6
num_cat=0
split_feature=9 14 14 14 23
split_gain=2.03373 1.4254 1.8241 0.767052 0.570849
threshold=4.5000000000000009 -0.95297902822494496 -0.40966403484344477 0.51639395952224743 2.5000000000000004
decision_type=2 2 2 2 2
left_child=-1 -2 -3 -4 -5
right_child=1 2 3 4 -6
leaf_value=0.01512996686533803 -0.013916269140318037 0.012808142214392623 -0.0079884492523538391 0.0059531821913471261 -0.0045947980398879104
leaf_weight=21 20 24 39 29 23
leaf_count=21 20 24 39 29 23
internal_value=0.000655203 -0.00159643 0.000546155 -0.00268778 0.00128773
internal_weight=156 135 115 91 52
internal_count=156 135 115 91 52
is_linear=0
shrinkage=0.05


Tree=107
num_leaves=5
num_cat=0
split_feature=28 18 26 18
split_gain=1.74802 2.17716 0.79656 1.6325
threshold=1.0000000180025095e-35 1.5000000000000002 3.7500000000000004 4.5000000000000009
decision_type=2 2 2 2
left_child=2 -2 3 -1
right_child=1 -3 -4 -5
leaf_value=-0.0086983797898782158 -0.0041900397685822105 0.015362406447529793 -0.011407602741383017 0.0062685171387305387
leaf_weight=35 24 35 24 38
leaf_count=35 24 35 24 38
internal_value=0.000622443 0.00740887 -0.00350538 -0.000907392
internal_weight=156 59 97 73
internal_count=156 59 97 73
is_linear=0
shrinkage=0.05


Tree=108
num_leaves=6
num_cat=0
split_feature=9 14 14 14 23
split_gain=1.86193 1.23187 1.60439 0.64989 0.497897
threshold=4.5000000000000009 -0.95297902822494496 -0.40966403484344477 0.51639395952224743 2.5000000000000004
decision_type=2 2 2 2 2
left_child=-1 -2 -3 -4 -5
right_child=1 2 3 4 -6
leaf_value=0.014441212601516219 -0.013016097741201521 0.011928551954527696 -0.0074832923256624969 0.0054122640767359535 -0.0044386925418739729
leaf_weight=21 20 24 39 29 23
leaf_count=21 20 24 39 29 23
internal_value=0.000591321 -0.00156311 0.000428718 -0.00260421 0.00105511
internal_weight=156 135 115 91 52
internal_count=156 135 115 91 52
is_linear=0
shrinkage=0.05


Tree=109
num_leaves=6
num_cat=0
split_feature=9 26 16 25 3
split_gain=1.68039 0.947797 0.588205 1.00149 0.179497
threshold=4.5000000000000009 3.7500000000000004 1.0000000180025095e-35 3.3095238208770756 3.2500000000000004
decision_type=2 2 2 2 2
left_child=-1 2 4 -4 -2
right_child=1 -3 3 -5 -6
leaf_value=0.013719152236756469 -0.006015945658087731 -0.0088504777289927002 -0.001945632084139756 0.011822707124054433 3.7750726672432699e-05
leaf_weight=21 25 33 28 25 24
leaf_count=21 25 33 28 25 24
internal_value=0.000561755 -0.00148495 0.000898013 0.00454887 -0.00305087
internal_weight=156 135 102 53 49
internal_count=156 135 102 53 49
is_linear=0
shrinkage=0.05


Tree=110
num_leaves=6
num_cat=0
split_feature=27 9 18 27 18
split_gain=2.29758 1.55311 0.75105 0.800559 0.159781
threshold=3.6833333969116215 6.5000000000000009 4.5000000000000009 3.3390804529190068 2.5000000000000004
decision_type=2 2 2 2 2
left_child=1 -1 3 4 -3
right_child=-2 2 -4 -5 -6
leaf_value=-0.015220784912393851 0.011065093207651297 0.004014690301846713 0.0067652482718515861 -0.011020083756540606 -0.0023055390594527124
leaf_weight=22 37 20 26 22 20
leaf_count=22 37 20 26 22 20
internal_value=0.000286999 -0.00333836 -0.000367754 -0.00335901 0.000854576
internal_weight=147 110 88 62 40
internal_count=147 110 88 62 40
is_linear=0
shrinkage=0.05


Tree=111
num_leaves=6
num_cat=0
split_feature=26 9 16 25 25
split_gain=2.5858 0.718518 0.940208 1.36887 0.891792
threshold=3.9642857313156132 5.5000000000000009 1.0000000180025095e-35 3.6428570747375493 3.3095238208770756
decision_type=2 2 2 2 2
left_child=1 -1 3 -3 -4
right_child=-2 2 4 -5 -6
leaf_value=-0.01126257564406842 0.015670352052573278 0.00046551089412910315 -0.0027143437541899801 -0.015770255911629647 0.011063495472383996
leaf_weight=20 23 37 23 20 24
leaf_count=20 23 37 23 20 24
internal_value=0.000272649 -0.00258338 -0.0009143 -0.00523125 0.00432115
internal_weight=147 124 104 57 47
internal_count=147 124 104 57 47
is_linear=0
shrinkage=0.05


Tree=112
num_leaves=6
num_cat=0
split_feature=26 17 22 23 20
split_gain=2.33369 0.704207 0.744834 0.739707 0.49883
threshold=3.9642857313156132 -0.56174489110708226 3.5000000000000004 3.5000000000000004 2.5000000000000004
decision_type=2 2 2 2 2
left_child=1 3 4 -1 -3
right_child=-2 2 -4 -5 -6
leaf_value=-0.0037932646565604954 0.014886834197070287 -0.0067116780678043138 -0.010234574437153672 0.0098055137915071117 0.0037915628367605121
leaf_weight=20 23 20 38 20 26
leaf_count=20 23 20 38 20 26
internal_value=0.000259016 -0.00245421 -0.00505437 0.00300612 -0.000775064
internal_weight=147 124 84 40 46
internal_count=147 124 84 40 46
is_linear=0
shrinkage=0.05


Tree=113
num_leaves=7
num_cat=0
split_feature=26 17 15 23 22 5
split_gain=2.10615 0.635547 0.709935 0.667586 0.656182 0.281843
threshold=3.9642857313156132 -0.56174489110708226 -0.40966403484344477 3.5000000000000004 3.5000000000000004 2.5000000000000004
decision_type=2 2 2 2 2 2
left_child=1 3 4 -1 -3 -4
right_child=-2 2 5 -5 -6 -7
leaf_value=-0.0036036016349680722 0.014142492964215901 -0.0033360669522413187 -0.0044564402551345887 0.0093152377783553685 -0.015990694456268103 0.0036417325159577144
leaf_weight=20 23 21 21 20 20 22
leaf_count=20 23 21 21 20 20 22
internal_value=0.000246066 -0.0023315 -0.00480165 0.00285582 -0.00950906 -0.000313189
internal_weight=147 124 84 40 41 43
internal_count=147 124 84 40 41 43
is_linear=0
shrinkage=0.05


Tree=114
num_leaves=6
num_cat=0
split_feature=26 9 16 25 25
split_gain=1.9008 0.630712 0.863994 1.23216 0.785944
threshold=3.9642857313156132 5.5000000000000009 1.0000000180025095e-35 3.6428570747375493 3.3095238208770756
decision_type=2 2 2 2 2
left_child=1 -1 3 -3 -4
right_child=-2 2 4 -5 -6
leaf_value=-0.01034653221788176 0.013435368304667267 0.00061537653232949813 -0.0022371633707181267 -0.014788338523358108 0.010697201119425397
leaf_weight=20 23 37 23 20 24
leaf_count=20 23 37 23 20 24
internal_value=0.000233762 -0.00221492 -0.000651152 -0.00478944 0.00436762
internal_weight=147 124 104 57 47
internal_count=147 124 104 57 47
is_linear=0
shrinkage=0.05


Tree=115
num_leaves=5
num_cat=0
split_feature=28 20 28 18
split_gain=1.55242 0.801999 0.537579 0.825154
threshold=2.5000000000000004 1.5000000000000002 -2.4999999999999996 3.5000000000000004
decision_type=2 2 2 2
left_child=1 -1 -3 -4
right_child=-2 2 3 -5
leaf_value=0.0046299229520533622 0.010368332113804562 -0.011338751732061308 -0.0080506088108652177 0.0026547492947429419
leaf_weight=29 28 24 36 36
leaf_count=29 28 24 36 36
internal_value=-0.000273202 -0.00265691 -0.00485814 -0.00269793
internal_weight=153 125 96 72
internal_count=153 125 96 72
is_linear=0
shrinkage=0.05


Tree=116
num_leaves=6
num_cat=0
split_feature=28 1 27 9 1
split_gain=1.40105 0.651541 1.06126 0.859557 0.414068
threshold=2.5000000000000004 13.500000000000002 3.6166666746139531 11.500000000000002 5.5000000000000009
decision_type=2 2 2 2 2
left_child=1 2 4 -3 -1
right_child=-2 3 -4 -5 -6
leaf_value=-0.0089475973136723033 0.0098499155536826179 -0.014818177800625562 0.0098131155976178969 -0.0019526091605626249 0.0006217665853910149
leaf_weight=20 28 20 22 37 26
leaf_count=20 28 20 22 37 26
internal_value=-0.000259542 -0.00252406 0.00078092 -0.00646684 -0.00353883
internal_weight=153 125 68 57 46
internal_count=153 125 68 57 46
is_linear=0
shrinkage=0.05


Tree=117
num_leaves=6
num_cat=0
split_feature=28 18 20 22 22
split_gain=1.27377 2.13645 0.777208 0.724121 0.770877
threshold=1.5000000000000002 1.5000000000000002 1.5000000000000002 4.5000000000000009 2.5000000000000004
decision_type=2 2 2 2 2
left_child=2 -2 -1 4 -4
right_child=1 -3 3 -5 -6
leaf_value=0.0045683237079244396 -0.004401788488030434 0.018432279516543661 -0.0029919607875802156 0.0025283614681525669 -0.014015458048931485
leaf_weight=26 20 21 35 22 29
leaf_count=26 20 21 35 22 29
internal_value=-0.000246565 0.00729371 -0.00300684 -0.00529701 -0.00798698
internal_weight=153 41 112 86 64
internal_count=153 41 112 86 64
is_linear=0
shrinkage=0.05


Tree=118
num_leaves=7
num_cat=0
split_feature=14 12 28 19 18 1
split_gain=1.301 3.49377 1.10691 1.05503 0.899671 0.45314
threshold=-0.95297902822494496 -0.68301269412040699 -2.4999999999999996 3.5000000000000004 2.5000000000000004 14.500000000000002
decision_type=2 2 2 2 2 2
left_child=-1 -2 -3 5 -5 -4
right_child=1 2 3 4 -6 -7
leaf_value=-0.011793778273325492 0.019313188950004785 -0.012760871155187488 0.010394069647782091 -0.012355008924549278 0.0017880305282154082 0.00020365198142826559
leaf_weight=21 23 20 24 22 23 20
leaf_count=21 23 20 24 22 23 20
internal_value=-0.000234237 0.00160478 -0.00213186 0.000256688 -0.00512634 0.00576206
internal_weight=153 132 109 89 45 44
internal_count=153 132 109 89 45 44
is_linear=0
shrinkage=0.05


Tree=119
num_leaves=5
num_cat=0
split_feature=28 25 14 21
split_gain=1.17561 0.588903 1.12643 0.953113
threshold=2.5000000000000004 3.0714285373687749 -0.78574731945991505 3.5000000000000004
decision_type=2 2 2 2
left_child=1 -1 -3 -4
right_child=-2 2 3 -5
leaf_value=-0.007692970890396585 0.0090379190830779926 -0.0084167539674256525 -0.0015114490718891225 0.011196807024534792
leaf_weight=36 28 28 36 25
leaf_count=36 28 28 36 25
internal_value=-0.000222525 -0.00229686 -0.00011417 0.00369685
internal_weight=153 125 89 61
internal_count=153 125 89 61
is_linear=0
shrinkage=0.05


Tree=120
num_leaves=6
num_cat=0
split_feature=15 14 15 3 26
split_gain=2.3768 4.73027 0.562636 0.545895 0.343966
threshold=-0.29696027934551233 -0.17992616817355153 1.0000000180025095e-35 2.2500000000000004 3.4642857313156132
decision_type=2 2 2 2 2
left_child=1 -1 -2 -3 -4
right_child=2 3 4 -5 -6
leaf_value=0.025338607795536518 -0.011784044764048998 0.0044154047478167785 -0.0049879485287536414 -0.0064232923484479013 0.0030770874605514109
leaf_weight=25 21 21 39 26 20
leaf_count=25 21 21 39 26 20
internal_value=0.00117585 0.00776643 -0.00475566 -0.00158047 -0.00225404
internal_weight=152 72 80 47 59
internal_count=152 72 80 47 59
is_linear=0
shrinkage=0.05


Tree=121
num_leaves=7
num_cat=0
split_feature=15 11 21 26 9 9
split_gain=2.14506 4.26907 0.549713 0.767645 0.521055 0.0656712
threshold=-0.29696027934551233 27.500000000000004 1.5000000000000002 3.6071428060531621 18.500000000000004 15.500000000000002
decision_type=2 2 2 2 2 2
left_child=1 4 -2 5 -1 -4
right_child=2 -3 3 -5 -6 -7
leaf_value=-0.0073593173708234516 0.0026609509380068632 0.024071677345316858 -0.0049376948550343518 -0.014908976899459959 0.0032299104791421161 -0.00088580515701323741
leaf_weight=21 20 25 20 20 26 20
leaf_count=21 20 25 20 20 26 20
internal_value=0.00111706 0.00737811 -0.00451788 -0.00691083 -0.00150145 -0.00291175
internal_weight=152 72 80 60 47 40
internal_count=152 72 80 60 47 40
is_linear=0
shrinkage=0.05


Tree=122
num_leaves=7
num_cat=0
split_feature=15 11 21 26 3 1
split_gain=1.93592 3.85283 0.496116 0.6928 0.491001 0.25545
threshold=-0.29696027934551233 27.500000000000004 1.5000000000000002 3.6071428060531621 2.2500000000000004 11.500000000000002
decision_type=2 2 2 2 2 2
left_child=1 4 -2 5 -1 -4
right_child=2 -3 3 -5 -6 -7
leaf_value=0.0042600508003185194 0.0025279034732375296 0.022868093959987165 -0.0067618662933818996 -0.014163528038188817 -0.0060192561959131405 0.0012295414227992297
leaf_weight=21 20 25 20 20 26 20
leaf_count=21 20 25 20 20 26 20
internal_value=0.00106121 0.0070092 -0.00429199 -0.00656528 -0.00142637 -0.00276616
internal_weight=152 72 80 60 47 40
internal_count=152 72 80 60 47 40
is_linear=0
shrinkage=0.05


Tree=123
num_leaves=7
num_cat=0
split_feature=15 11 21 26 3 1
split_gain=1.74717 3.47718 0.447745 0.625252 0.443128 0.230544
threshold=-0.29696027934551233 27.500000000000004 1.5000000000000002 3.6071428060531621 2.2500000000000004 11.500000000000002
decision_type=2 2 2 2 2 2
left_child=1 4 -2 5 -1 -4
right_child=2 -3 3 -5 -6 -7
leaf_value=0.0040470481694986427 0.0024015082768164575 0.021724688909947873 -0.0064237730635795746 -0.01345535214059055 -0.0057182934493399586 0.0011680643865838647
leaf_weight=21 20 25 20 20 26 20
leaf_count=21 20 25 20 20 26 20
internal_value=0.00100815 0.00665874 -0.00407739 -0.00623702 -0.00135506 -0.00262785
internal_weight=152 72 80 60 47 40
internal_count=152 72 80 60 47 40
is_linear=0
shrinkage=0.05


Tree=124
num_leaves=6
num_cat=0
split_feature=15 27 3 15 26
split_gain=1.57682 3.22372 0.441546 0.418222 0.368292
threshold=-0.29696027934551233 3.6166666746139531 3.7500000000000004 1.0000000180025095e-35 3.4642857313156132
decision_type=2 2 2 2 2
left_child=1 2 -1 -2 -5
right_child=3 -3 -4 4 -6
leaf_value=0.0035889352962840352 -0.0099331320307794076 0.022813428849691439 -0.0058046819980848924 -0.004545642926286046 0.0037997177528450265
leaf_weight=29 21 21 22 39 20
leaf_count=29 21 21 22 39 20
internal_value=0.000957741 0.00632581 -0.000463213 -0.00387352 -0.00171671
internal_weight=152 72 51 80 59
internal_count=152 72 51 80 59
is_linear=0
shrinkage=0.05


Tree=125
num_leaves=6
num_cat=0
split_feature=26 13 11 11 27
split_gain=1.52913 0.746777 0.6928 1.02089 0.257712
threshold=3.9642857313156132 -0.68301269412040699 33.500000000000007 13.500000000000002 3.2981481552124028
decision_type=2 2 2 2 2
left_child=1 4 3 -3 -1
right_child=-2 2 -4 -5 -6
leaf_value=-0.004009278854798703 0.011436773308863243 -0.0015311259322946793 -0.0063115211652108915 0.012205631760714044 -0.011939856745302678
leaf_weight=21 24 38 27 21 20
leaf_count=21 24 38 27 21 20
internal_value=-0.000137649 -0.00232494 0.000322377 0.00335823 -0.00787785
internal_weight=151 127 86 59 41
internal_count=151 127 86 59 41
is_linear=0
shrinkage=0.05


Tree=126
num_leaves=6
num_cat=0
split_feature=26 18 14 11 6
split_gain=1.38004 1.05098 0.971513 0.826258 0.179857
threshold=3.9642857313156132 3.5000000000000004 0.70581671595573436 27.500000000000004 2.5000000000000004
decision_type=2 2 2 2 2
left_child=1 2 4 -3 -1
right_child=-2 3 -4 -5 -6
leaf_value=-0.014430155538554704 0.010864934480438631 -0.0018667000875881826 0.0012908903826028108 0.010309177666733211 -0.0078862137028149187
leaf_weight=21 24 38 25 22 21
leaf_count=21 24 38 25 22 21
internal_value=-0.000130767 -0.00220869 -0.00651301 0.00259779 -0.0111582
internal_weight=151 127 67 60 42
internal_count=151 127 67 60 42
is_linear=0
shrinkage=0.05


Tree=127
num_leaves=6
num_cat=0
split_feature=19 25 18 22 1
split_gain=1.31926 1.88023 1.21675 1.0283 0.490121
threshold=3.5000000000000004 3.6428570747375493 2.5000000000000004 2.5000000000000004 12.500000000000002
decision_type=2 2 2 2 2
left_child=1 3 -2 -1 -4
right_child=2 -3 4 -5 -6
leaf_value=0.0084258877672255036 -0.012185400753514842 0.016868103502995588 0.0064091075229225679 -0.0059420706623120973 -0.0041889789514243606
leaf_weight=20 32 22 20 33 24
leaf_count=20 32 22 20 33 24
internal_value=-0.000124228 0.00458037 -0.00476692 -0.0005202 0.000628333
internal_weight=151 75 76 53 44
internal_count=151 75 76 53 44
is_linear=0
shrinkage=0.05


Tree=128
num_leaves=6
num_cat=0
split_feature=26 18 14 11 9
split_gain=1.20323 0.859975 0.8599 0.763514 0.329375
threshold=3.9642857313156132 3.5000000000000004 0.70581671595573436 27.500000000000004 18.500000000000004
decision_type=2 2 2 2 2
left_child=1 2 4 -3 -1
right_child=-2 3 -4 -5 -6
leaf_value=-0.0061002952512353662 0.010149173163032781 -0.0020020722433017864 0.0013900905996561052 0.0097023768138817766 -0.014966001188149676
leaf_weight=22 24 38 25 22 20
leaf_count=22 24 38 25 22 20
internal_value=-0.000118017 -0.00205827 -0.00595185 0.00228956 -0.0103221
internal_weight=151 127 67 60 42
internal_count=151 127 67 60 42
is_linear=0
shrinkage=0.05


Tree=129
num_leaves=6
num_cat=0
split_feature=19 28 18 16 1
split_gain=1.17868 1.64552 1.0305 0.775202 0.466999
threshold=3.5000000000000004 1.5000000000000002 2.5000000000000004 1.0000000180025095e-35 12.500000000000002
decision_type=2 2 2 2 2
left_child=1 3 -2 -1 -4
right_child=2 -3 4 -5 -6
leaf_value=-0.0065006604077867602 -0.011327611468732358 0.016210990700693356 0.0061074720334727316 0.0054890510734237202 -0.0042376023988860345
leaf_weight=26 32 21 20 28 24
leaf_count=26 32 21 20 28 24
internal_value=-0.000112116 0.00433476 -0.00450048 -0.000283773 0.000464704
internal_weight=151 75 76 54 44
internal_count=151 75 76 54 44
is_linear=0
shrinkage=0.05


Tree=130
num_leaves=5
num_cat=0
split_feature=28 20 14 5
split_gain=1.71256 0.870269 0.630015 1.13311
threshold=2.5000000000000004 1.5000000000000002 -0.78574731945991505 2.5000000000000004
decision_type=2 2 2 2
left_child=1 -1 -3 -4
right_child=-2 2 3 -5
leaf_value=0.0054530426074052233 0.011472192499786616 -0.01168527339398861 -0.009233862562387278 0.0034306048207279095
leaf_weight=26 26 25 33 38
leaf_count=26 26 25 33 38
internal_value=-0.000178582 -0.00266153 -0.00485923 -0.0024557
internal_weight=148 122 96 71
internal_count=148 122 96 71
is_linear=0
shrinkage=0.05


Tree=131
num_leaves=5
num_cat=0
split_feature=28 20 16 23
split_gain=1.54558 0.785418 0.572573 0.925426
threshold=2.5000000000000004 1.5000000000000002 0.6078576147556306 3.5000000000000004
decision_type=2 2 2 2
left_child=1 -1 3 -3
right_child=-2 2 -4 -5
leaf_value=0.0051803905221347053 0.010898582888050722 -0.002537195249978039 0.00036883139982819558 -0.015212537193049989
leaf_weight=26 26 36 36 24
leaf_count=26 26 36 36 24
internal_value=-0.000169653 -0.00252846 -0.00461627 -0.00760733
internal_weight=148 122 96 60
internal_count=148 122 96 60
is_linear=0
shrinkage=0.05


Tree=132
num_leaves=5
num_cat=0
split_feature=28 20 14 5
split_gain=1.39489 0.70884 0.557059 1.01625
threshold=2.5000000000000004 1.5000000000000002 -0.78574731945991505 2.5000000000000004
decision_type=2 2 2 2
left_child=1 -1 -3 -4
right_child=-2 2 3 -5
leaf_value=0.0049213712336495519 0.010353653496937253 -0.010804114095866681 -0.0085445057530181886 0.0034491488011553885
leaf_weight=26 26 25 33 38
leaf_count=26 26 25 33 38
internal_value=-0.000161171 -0.00240203 -0.00438546 -0.00212537
internal_weight=148 122 96 71
internal_count=148 122 96 71
is_linear=0
shrinkage=0.05


Tree=133
num_leaves=6
num_cat=0
split_feature=28 20 14 4 13
split_gain=1.25889 0.639728 0.502746 0.590247 0.426689
threshold=2.5000000000000004 1.5000000000000002 -0.78574731945991505 1.0000000180025095e-35 -0.68301269412040699
decision_type=2 2 2 2 2
left_child=1 -1 -3 -4 -5
right_child=-2 2 3 4 -6
leaf_value=0.004675302633012717 0.0098359712399542342 -0.010263908579945566 0.0041648628227412702 -0.010409635991196741 -0.000769398438569624
leaf_weight=26 26 25 25 22 24
leaf_count=26 26 25 25 22 24
internal_value=-0.000153112 -0.00228193 -0.00416618 -0.0020191 -0.00537995
internal_weight=148 122 96 71 46
internal_count=148 122 96 71 46
is_linear=0
shrinkage=0.05


Tree=134
num_leaves=6
num_cat=0
split_feature=28 27 5 18 14
split_gain=1.13614 0.600988 0.754821 0.791467 0.61101
threshold=2.5000000000000004 3.7833333015441899 2.5000000000000004 4.5000000000000009 0.29696027934551245
decision_type=2 2 2 2 2
left_child=1 2 -1 4 -4
right_child=-2 -3 3 -5 -6
leaf_value=-0.0093626159702819827 0.0093441720496719848 0.0053140570197931745 -0.010782246787566693 0.0072044461796229534 0.0015770619432441892
leaf_weight=38 26 22 20 22 20
leaf_count=38 26 22 20 22 20
internal_value=-0.000145456 -0.00216784 -0.00381385 -0.000412998 -0.00460259
internal_weight=148 122 100 62 40
internal_count=148 122 100 62 40
is_linear=0
shrinkage=0.05


end of trees

feature_importances:
quantity_used_diff=150
quantity_lag_1=115
week_sin=39
quantity_rolling_mean_7=39
week_cos=32
day_of_month=28
quantity_rolling_mean_30=25
quantity_rolling_mean_14=24
quantity_lag_5=22
quantity_lag_7=22
quantity_lag_3=19
region=15
day_of_week=15
week_of_year=15
late_delivery_risk=11
quantity_lag_14=11
quantity_lag_30=11
lead_time_days=10
month_cos=9
day_of_week_sin=7
shipping_mode=6
day_of_week_cos=6
month_sin=2
month=1

parameters:
[boosting: gbdt]
[objective: regression]
[metric: rmse]
[tree_learner: serial]
[device_type: cpu]
[data_sample_strategy: bagging]
[data: ]
[valid: ]
[num_iterations: 500]
[learning_rate: 0.05]
[num_leaves: 31]
[num_threads: 0]
[seed: 42]
[deterministic: 0]
[force_col_wise: 0]
[force_row_wise: 0]
[histogram_pool_size: -1]
[max_depth: -1]
[min_data_in_leaf: 20]
[min_sum_hessian_in_leaf: 0.001]
[bagging_fraction: 0.8]
[pos_bagging_fraction: 1]
[neg_bagging_fraction: 1]
[bagging_freq: 5]
[bagging_seed: 400]
[bagging_by_query: 0]
[feature_fraction: 0.9]
[feature_fraction_bynode: 1]
[feature_fraction_seed: 30056]
[extra_trees: 0]
[extra_seed: 12879]
[early_stopping_round: 0]
[early_stopping_min_delta: 0]
[first_metric_only: 0]
[max_delta_step: 0]
[lambda_l1: 0]
[lambda_l2: 0]
[linear_lambda: 0]
[min_gain_to_split: 0]
[drop_rate: 0.1]
[max_drop: 50]
[skip_drop: 0.5]
[xgboost_dart_mode: 0]
[uniform_drop: 0]
[drop_seed: 17869]
[top_rate: 0.2]
[other_rate: 0.1]
[min_data_per_group: 100]
[max_cat_threshold: 32]
[cat_l2: 10]
[cat_smooth: 10]
[max_cat_to_onehot: 4]
[top_k: 20]
[monotone_constraints: ]
[monotone_constraints_method: basic]
[monotone_penalty: 0]
[feature_contri: ]
[forcedsplits_filename: ]
[refit_decay_rate: 0.9]
[cegb_tradeoff: 1]
[cegb_penalty_split: 0]
[cegb_penalty_feature_lazy: ]
[cegb_penalty_feature_coupled: ]
[path_smooth: 0]
[interaction_constraints: ]
[verbosity: -1]
[saved_feature_importance_type: 0]
[use_quantized_grad: 0]
[num_grad_quant_bins: 4]
[quant_train_renew_leaf: 0]
[stochastic_rounding: 1]
[linear_tree: 0]
[max_bin: 255]
[max_bin_by_feature: ]
[min_data_in_bin: 3]
[bin_construct_sample_cnt: 200000]
[data_random_seed: 175]
[is_enable_sparse: 1]
[enable_bundle: 1]
[use_missing: 1]
[zero_as_missing: 0]
[feature_pre_filter: 1]
[pre_partition: 0]
[two_round: 0]
[header: 0]
[label_column: ]
[weight_column: ]
[group_column: ]
[ignore_column: ]
[categorical_feature: ]
[forcedbins_filename: ]
[precise_float_parser: 0]
[parser_config_file: ]
[objective_seed: 16083]
[num_class: 1]
[is_unbalance: 0]
[scale_pos_weight: 1]
[sigmoid: 1]
[boost_from_average: 1]
[reg_sqrt: 0]
[alpha: 0.9]
[fair_c: 1]
[poisson_max_delta_step: 0.7]
[tweedie_variance_power: 1.5]
[lambdarank_truncation_level: 30]
[lambdarank_norm: 1]
[label_gain: ]
[lambdarank_position_bias_regularization: 0]
[eval_at: ]
[multi_error_top_k: 1]
[auc_mu_weights: ]
[num_machines: 1]
[local_listen_port: 12400]
[time_out: 120]
[machine_list_filename: ]
[machines: ]
[gpu_platform_id: -1]
[gpu_device_id: -1]
[gpu_use_dp: 0]
[num_gpu: 1]

end of parameters

pandas_categorical:null
