date,y_hat,y_lower,y_upper,lgb_prediction
2024-02-19,32.18735373970452,31.264456564369368,33.79771950361159,32.18735373970452
2024-02-20,32.18735373970452,31.264456564369368,33.79771950361159,32.18735373970452
2024-02-21,32.18735373970452,31.264456564369368,33.79771950361159,32.18735373970452
2024-02-22,32.18735373970452,31.264456564369368,33.79771950361159,32.18735373970452
2024-02-23,32.18735373970452,31.264456564369368,33.79771950361159,32.18735373970452
2024-02-24,32.246486307462156,31.392963717709243,33.74714365733399,32.246486307462156
2024-02-25,32.246486307462156,31.392963717709243,33.74714365733399,32.246486307462156
2024-02-26,32.18735373970452,31.264456564369368,33.79771950361159,32.18735373970452
2024-02-27,32.18735373970452,31.264456564369368,33.79771950361159,32.18735373970452
2024-02-28,32.18735373970452,31.264456564369368,33.79771950361159,32.18735373970452
2024-02-29,32.18735373970452,31.264456564369368,33.79771950361159,32.18735373970452
2024-03-01,32.31009020462781,31.387193029292668,33.92045596853488,32.31009020462781
2024-03-02,32.247146971205076,31.393624381452142,33.74780432107689,32.247146971205076
2024-03-03,32.247146971205076,31.393624381452142,33.74780432107689,32.247146971205076
2024-03-04,32.18801440344741,31.265117228112267,33.79838016735449,32.18801440344741
2024-03-05,32.18801440344741,31.265117228112267,33.79838016735449,32.18801440344741
2024-03-06,32.18801440344741,31.265117228112267,33.79838016735449,32.18801440344741
2024-03-07,32.18801440344741,31.265117228112267,33.79838016735449,32.18801440344741
2024-03-08,32.18801440344741,31.265117228112267,33.79838016735449,32.18801440344741
2024-03-09,32.247146971205076,31.393624381452142,33.74780432107689,32.247146971205076
2024-03-10,32.247146971205076,31.393624381452142,33.74780432107689,32.247146971205076
2024-03-11,32.18801440344741,31.265117228112267,33.79838016735449,32.18801440344741
2024-03-12,32.18801440344741,31.265117228112267,33.79838016735449,32.18801440344741
2024-03-13,32.18801440344741,31.265117228112267,33.79838016735449,32.18801440344741
2024-03-14,32.18801440344741,31.265117228112267,33.79838016735449,32.18801440344741
2024-03-15,32.18801440344741,31.265117228112267,33.79838016735449,32.18801440344741
2024-03-16,32.247146971205076,31.393624381452142,33.74780432107689,32.247146971205076
2024-03-17,32.247146971205076,31.393624381452142,33.74780432107689,32.247146971205076
2024-03-18,32.18801440344741,31.265117228112267,33.79838016735449,32.18801440344741
2024-03-19,32.18801440344741,31.265117228112267,33.79838016735449,32.18801440344741
2024-03-20,32.18801440344741,31.265117228112267,33.79838016735449,32.18801440344741
2024-03-21,32.18801440344741,31.265117228112267,33.79838016735449,32.18801440344741
2024-03-22,32.18801440344741,31.265117228112267,33.79838016735449,32.18801440344741
2024-03-23,32.247146971205076,31.393624381452142,33.74780432107689,32.247146971205076
2024-03-24,32.247146971205076,31.393624381452142,33.74780432107689,32.247146971205076
2024-03-25,32.18801440344741,31.265117228112267,33.79838016735449,32.18801440344741
2024-03-26,32.18801440344741,31.265117228112267,33.79838016735449,32.18801440344741
2024-03-27,32.18801440344741,31.265117228112267,33.79838016735449,32.18801440344741
2024-03-28,32.18801440344741,31.265117228112267,33.79838016735449,32.18801440344741
2024-03-29,32.18801440344741,31.265117228112267,33.79838016735449,32.18801440344741
2024-03-30,32.247146971205076,31.393624381452142,33.74780432107689,32.247146971205076
2024-03-31,32.247146971205076,31.393624381452142,33.74780432107689,32.247146971205076
2024-04-01,32.343060930510966,31.420865420835565,33.95426869320973,32.343060930510966
2024-04-02,32.220985129330586,31.298789619655174,33.83219289202933,32.220985129330586
2024-04-03,32.220985129330586,31.298789619655174,33.83219289202933,32.220985129330586
2024-04-04,32.220985129330586,31.298789619655174,33.83219289202933,32.220985129330586
2024-04-05,32.220985129330586,31.298789619655174,33.83219289202933,32.220985129330586
2024-04-06,32.280117697088265,31.427296772995042,33.78161704575174,32.280117697088265
2024-04-07,32.280117697088265,31.427296772995042,33.78161704575174,32.280117697088265
2024-04-08,32.220985129330586,31.298789619655174,33.83219289202933,32.220985129330586
2024-04-09,32.220985129330586,31.298789619655174,33.83219289202933,32.220985129330586
2024-04-10,32.220985129330586,31.298789619655174,33.83219289202933,32.220985129330586
2024-04-11,32.220985129330586,31.298789619655174,33.83219289202933,32.220985129330586
2024-04-12,32.220985129330586,31.298789619655174,33.83219289202933,32.220985129330586
2024-04-13,32.280117697088265,31.427296772995042,33.78161704575174,32.280117697088265
2024-04-14,32.280117697088265,31.427296772995042,33.78161704575174,32.280117697088265
2024-04-15,32.220985129330586,31.298789619655174,33.83219289202933,32.220985129330586
2024-04-16,32.220985129330586,31.298789619655174,33.83219289202933,32.220985129330586
2024-04-17,32.220985129330586,31.298789619655174,33.83219289202933,32.220985129330586
2024-04-18,32.220985129330586,31.298789619655174,33.83219289202933,32.220985129330586
2024-04-19,32.220985129330586,31.298789619655174,33.83219289202933,32.220985129330586
2024-04-20,32.280117697088265,31.427296772995042,33.78161704575174,32.280117697088265
2024-04-21,32.280117697088265,31.427296772995042,33.78161704575174,32.280117697088265
2024-04-22,32.220985129330586,31.298789619655174,33.83219289202933,32.220985129330586
2024-04-23,32.220985129330586,31.298789619655174,33.83219289202933,32.220985129330586
2024-04-24,32.220985129330586,31.298789619655174,33.83219289202933,32.220985129330586
2024-04-25,32.220985129330586,31.298789619655174,33.83219289202933,32.220985129330586
2024-04-26,32.220985129330586,31.298789619655174,33.83219289202933,32.220985129330586
2024-04-27,32.280117697088265,31.427296772995042,33.78161704575174,32.280117697088265
2024-04-28,32.280117697088265,31.427296772995042,33.78161704575174,32.280117697088265
2024-04-29,32.220985129330586,31.298789619655174,33.83219289202933,32.220985129330586
2024-04-30,32.220985129330586,31.298789619655174,33.83219289202933,32.220985129330586
2024-05-01,32.343060930510966,31.420865420835565,33.95426869320973,32.343060930510966
2024-05-02,32.220985129330586,31.298789619655174,33.83219289202933,32.220985129330586
2024-05-03,32.220985129330586,31.298789619655174,33.83219289202933,32.220985129330586
2024-05-04,32.280117697088265,31.427296772995042,33.78161704575174,32.280117697088265
2024-05-05,32.280117697088265,31.427296772995042,33.78161704575174,32.280117697088265
2024-05-06,32.220985129330586,31.298789619655174,33.83219289202933,32.220985129330586
2024-05-07,32.220985129330586,31.298789619655174,33.83219289202933,32.220985129330586
2024-05-08,32.220985129330586,31.298789619655174,33.83219289202933,32.220985129330586
2024-05-09,32.220985129330586,31.298789619655174,33.83219289202933,32.220985129330586
2024-05-10,32.220985129330586,31.298789619655174,33.83219289202933,32.220985129330586
2024-05-11,32.280117697088265,31.427296772995042,33.78161704575174,32.280117697088265
2024-05-12,32.280117697088265,31.427296772995042,33.78161704575174,32.280117697088265
2024-05-13,32.220985129330586,31.298789619655174,33.83219289202933,32.220985129330586
2024-05-14,32.220985129330586,31.298789619655174,33.83219289202933,32.220985129330586
2024-05-15,32.220985129330586,31.298789619655174,33.83219289202933,32.220985129330586
2024-05-16,32.220985129330586,31.298789619655174,33.83219289202933,32.220985129330586
2024-05-17,32.220985129330586,31.298789619655174,33.83219289202933,32.220985129330586
2024-05-18,32.280117697088265,31.427296772995042,33.78161704575174,32.280117697088265
